UP.DAT          2.1             Hour Start and End Times with Seconds                           
   3
Produced by UAMAKE Version: 1.53  Level: 090411                                 
Last M3D File Processed: 201601.m3d
Extraction Cell:   41,  28
NONE    
UTC+0000
  2015  365   23    0 2016    4   23    0 300.    2    2
     F    F    F    F
   9999  12345       2015  12 31 24    0    2015  12 31 24    0   34      22                                                    
    604.0,4368.,276.3,348,  2.6,    600.0,4419.,276.2,337,  2.6,    595.0,4483.,275.5,332,  2.0,    589.0,4562.,275.0,288,  1.2,
    582.0,4658.,275.0,232,  2.7,    574.0,4772.,275.3,247,  3.1,    565.0,4904.,274.9,260,  3.6,    555.0,5055.,274.0,253,  5.5,
    543.0,5222.,272.7,243,  8.2,    531.0,5401.,271.5,235,  9.6,    519.0,5591.,270.3,225, 10.4,    506.0,5789.,268.7,225, 10.7,
    493.0,5995.,267.3,232, 10.5,    479.0,6211.,266.0,239,  9.9,    465.0,6445.,264.7,244,  9.8,    449.0,6709.,263.2,243,  9.6,
    432.0,7016.,261.6,241,  8.6,    412.0,7381.,259.7,243,  7.9,    389.0,7822.,256.9,233,  5.8,    362.0,8355.,253.3,201,  6.1,
    332.0,9000.,248.7,199,  7.1,    298.0,9777.,242.9,230, 12.5                                                                 
   9999  12345       2016   1  1  1    0    2016   1  1  1    0   34      22                                                    
    604.0,4368.,275.5,263,  2.3,    600.0,4419.,275.2,273,  2.3,    595.0,4483.,275.3,298,  1.8,    589.0,4562.,275.6,299,  2.0,
    582.0,4658.,275.7,276,  3.0,    574.0,4772.,275.3,254,  5.2,    565.0,4905.,274.4,244,  7.6,    555.0,5055.,273.6,237,  9.0,
    543.0,5222.,272.9,229,  8.9,    531.0,5402.,272.2,226,  8.3,    519.0,5592.,271.2,222,  6.8,    506.0,5790.,269.8,207,  6.2,
    493.0,5996.,268.3,189,  5.5,    479.0,6213.,267.0,174,  5.7,    465.0,6448.,265.2,162,  5.5,    449.0,6712.,263.1,159,  4.4,
    432.0,7018.,261.1,202,  3.4,    412.0,7383.,259.3,233,  5.5,    389.0,7822.,256.3,231,  6.5,    362.0,8354.,252.8,214,  4.7,
    332.0,8998.,248.5,218,  5.0,    298.0,9775.,242.5,239, 11.8                                                                 
   9999  12345       2016   1  1  2    0    2016   1  1  2    0   34      22                                                    
    604.0,4367.,275.3, 27,  0.9,    600.0,4419.,276.0,312,  1.9,    595.0,4484.,276.1,274,  2.5,    589.0,4563.,276.0,245,  4.4,
    582.0,4659.,275.8,235,  6.7,    574.0,4773.,275.4,231,  7.9,    565.0,4905.,274.7,227,  8.5,    554.0,5056.,274.0,227,  8.8,
    543.0,5223.,273.1,229,  8.2,    531.0,5403.,272.2,227,  6.2,    518.0,5593.,271.1,217,  4.8,    506.0,5791.,269.9,212,  4.6,
    493.0,5997.,268.8,211,  4.2,    479.0,6214.,267.4,197,  3.3,    465.0,6449.,265.5,174,  2.8,    449.0,6713.,263.0,183,  2.4,
    432.0,7019.,261.2,248,  4.1,    412.0,7384.,258.9,255,  4.4,    389.0,7823.,256.4,242,  4.0,    362.0,8355.,252.8,244,  2.9,
    332.0,8999.,248.5,245,  4.2,    298.0,9775.,242.2,244, 11.5                                                                 
   9999  12345       2016   1  1  3    0    2016   1  1  3    0   34      22                                                    
    604.0,4368.,275.7,  3,  2.6,    600.0,4419.,276.0,318,  2.0,    595.0,4484.,276.0,275,  3.0,    589.0,4563.,276.1,249,  5.2,
    582.0,4659.,276.0,239,  7.8,    574.0,4773.,275.8,235,  9.4,    565.0,4905.,275.3,232,  9.4,    554.0,5056.,274.5,232,  8.7,
    543.0,5223.,273.5,233,  7.7,    531.0,5403.,272.3,238,  6.5,    518.0,5593.,271.0,247,  5.7,    506.0,5791.,269.7,253,  4.8,
    493.0,5997.,268.4,249,  3.3,    479.0,6214.,266.8,236,  2.6,    465.0,6449.,265.1,251,  1.6,    449.0,6713.,262.7,226,  1.0,
    432.0,7019.,260.5,257,  3.6,    412.0,7382.,259.1,271,  4.3,    389.0,7822.,256.8,273,  2.4,    362.0,8354.,252.8,266,  1.6,
    332.0,8997.,248.0,246,  3.5,    298.0,9772.,242.1,253,  9.5                                                                 
   9999  12345       2016   1  1  4    0    2016   1  1  4    0   34      22                                                    
    604.0,4368.,275.5, 29,  2.7,    600.0,4419.,275.9,332,  2.2,    595.0,4484.,276.0,289,  2.1,    589.0,4563.,276.1,248,  3.9,
    582.0,4659.,275.9,238,  6.7,    574.0,4773.,275.8,234,  8.7,    565.0,4905.,275.3,231,  9.3,    555.0,5056.,274.4,230,  8.8,
    543.0,5223.,273.3,232,  8.3,    531.0,5403.,272.1,238,  7.8,    519.0,5593.,270.8,246,  7.3,    506.0,5791.,269.5,259,  6.5,
    493.0,5997.,268.2,266,  5.2,    479.0,6214.,266.7,256,  4.0,    465.0,6448.,264.7,243,  4.1,    449.0,6712.,262.6,244,  4.7,
    432.0,7018.,260.8,254,  4.7,    412.0,7382.,259.0,269,  4.1,    389.0,7821.,257.0,273,  2.5,    362.0,8353.,252.9,267,  2.3,
    332.0,8996.,248.1,271,  5.0,    298.0,9771.,242.0,273,  5.9                                                                 
   9999  12345       2016   1  1  5    0    2016   1  1  5    0   34      22                                                    
    604.0,4367.,275.5, 56,  2.8,    600.0,4419.,276.1,358,  1.5,    595.0,4483.,276.1,293,  1.7,    589.0,4563.,276.0,252,  2.5,
    583.0,4658.,275.8,238,  5.2,    574.0,4772.,275.6,236,  7.6,    565.0,4905.,275.2,234,  8.8,    555.0,5056.,274.3,230,  8.2,
    543.0,5222.,273.1,232,  7.5,    531.0,5402.,271.8,239,  6.9,    519.0,5592.,270.6,247,  6.4,    506.0,5790.,269.3,252,  5.9,
    493.0,5996.,267.8,255,  5.8,    479.0,6213.,266.2,254,  6.5,    465.0,6447.,264.6,256,  7.1,    449.0,6711.,263.2,263,  6.5,
    432.0,7018.,261.8,284,  4.9,    412.0,7382.,259.3,323,  3.7,    389.0,7820.,255.7,314,  4.0,    362.0,8351.,252.4,285,  3.9,
    332.0,8993.,248.2,309,  4.6,    298.0,9768.,241.8,279,  7.0                                                                 
   9999  12345       2016   1  1  6    0    2016   1  1  6    0   34      22                                                    
    604.0,4368.,276.0, 45,  2.1,    600.0,4419.,276.8,335,  1.6,    595.0,4484.,276.5,299,  1.1,    590.0,4563.,276.1,262,  1.3,
    583.0,4659.,275.6,244,  2.7,    574.0,4772.,275.2,239,  5.1,    565.0,4905.,274.7,236,  7.3,    555.0,5055.,274.1,230,  8.0,
    543.0,5222.,272.8,225,  7.4,    531.0,5402.,271.4,226,  6.6,    519.0,5591.,270.0,239,  5.8,    506.0,5789.,268.8,248,  5.6,
    493.0,5995.,267.5,252,  6.7,    479.0,6211.,266.1,254,  7.8,    465.0,6446.,264.6,255,  8.0,    449.0,6710.,263.2,263,  7.3,
    432.0,7016.,261.8,282,  6.9,    412.0,7381.,259.6,294,  5.6,    389.0,7820.,256.0,307,  3.6,    362.0,8350.,252.4,330,  5.0,
    332.0,8992.,247.5,336,  6.4,    298.0,9766.,241.8,270,  7.9                                                                 
   9999  12345       2016   1  1  7    0    2016   1  1  7    0   34      22                                                    
    604.0,4368.,276.9,224,  0.5,    600.0,4419.,277.3,268,  2.4,    595.0,4484.,276.9,268,  2.9,    589.0,4563.,276.6,259,  4.2,
    583.0,4659.,276.1,250,  5.4,    574.0,4773.,275.6,242,  6.3,    565.0,4905.,275.0,235,  6.9,    555.0,5056.,274.1,229,  6.9,
    543.0,5222.,272.8,224,  6.1,    531.0,5402.,271.3,224,  5.2,    519.0,5591.,269.7,230,  4.5,    506.0,5789.,268.3,250,  4.9,
    493.0,5994.,267.2,259,  6.0,    479.0,6210.,266.0,257,  7.1,    465.0,6445.,264.9,257,  6.9,    449.0,6709.,263.5,267,  6.0,
    432.0,7015.,261.5,281,  6.6,    412.0,7380.,259.0,282,  7.4,    389.0,7818.,255.7,279,  3.7,    362.0,8348.,252.1,  2,  6.3,
    332.0,8990.,247.3,353,  6.8,    298.0,9763.,241.6,270,  8.8                                                                 
   9999  12345       2016   1  1  8    0    2016   1  1  8    0   34      22                                                    
    604.0,4367.,275.9, 54,  2.5,    600.0,4419.,276.8, 17,  2.7,    595.0,4484.,276.7,356,  2.2,    590.0,4563.,276.3,308,  2.2,
    583.0,4658.,275.9,273,  3.6,    574.0,4772.,275.4,258,  5.5,    565.0,4905.,274.6,247,  6.7,    555.0,5055.,273.7,237,  6.8,
    543.0,5221.,272.5,228,  6.0,    531.0,5400.,271.0,221,  5.0,    519.0,5590.,269.3,233,  4.5,    506.0,5787.,268.1,260,  4.7,
    493.0,5992.,267.2,266,  5.5,    479.0,6209.,266.3,252,  6.0,    465.0,6443.,265.0,238,  6.0,    450.0,6707.,263.1,240,  5.5,
    432.0,7013.,260.5,263,  8.1,    412.0,7377.,258.4,271, 10.0,    389.0,7815.,255.8,274,  7.4,    362.0,8345.,251.1,328,  3.6,
    332.0,8985.,247.2,327,  4.9,    298.0,9758.,241.4,272, 10.4                                                                 
   9999  12345       2016   1  1  9    0    2016   1  1  9    0   34      22                                                    
    604.0,4368.,276.2,  2,  1.1,    600.0,4419.,276.3,295,  3.2,    595.0,4484.,276.2,291,  4.7,    590.0,4563.,276.0,288,  5.5,
    583.0,4658.,275.6,285,  5.3,    575.0,4772.,275.1,284,  4.7,    565.0,4904.,274.4,275,  4.6,    555.0,5055.,273.5,259,  5.6,
    543.0,5221.,272.3,245,  6.0,    531.0,5400.,271.0,232,  4.5,    519.0,5589.,269.2,233,  3.6,    506.0,5786.,267.7,255,  3.9,
    493.0,5991.,266.6,259,  4.7,    479.0,6207.,265.9,246,  5.3,    465.0,6442.,265.2,235,  5.2,    450.0,6706.,263.2,253,  5.8,
    432.0,7013.,260.5,275,  7.9,    412.0,7376.,258.0,282,  6.8,    389.0,7814.,255.0,282,  9.1,    362.0,8343.,251.5,277,  9.6,
    332.0,8983.,246.6,300,  5.7,    298.0,9754.,241.1,274, 11.9                                                                 
   9999  12345       2016   1  1 10    0    2016   1  1 10    0   34      22                                                    
    604.0,4367.,275.6,256,  0.7,    600.0,4419.,276.4,319,  1.7,    595.0,4484.,276.5,321,  2.8,    589.0,4563.,276.2,306,  3.6,
    583.0,4658.,275.9,290,  4.5,    574.0,4772.,275.6,279,  5.2,    565.0,4905.,274.8,270,  5.3,    555.0,5055.,273.7,259,  5.1,
    543.0,5221.,272.5,244,  4.8,    531.0,5401.,271.1,239,  4.0,    519.0,5590.,269.6,251,  2.9,    506.0,5787.,268.4,265,  3.8,
    493.0,5993.,267.7,268,  4.1,    479.0,6209.,266.4,268,  3.1,    465.0,6444.,264.1,269,  2.8,    450.0,6707.,262.1,282,  4.7,
    432.0,7012.,260.2,288,  6.9,    412.0,7375.,257.9,294,  6.3,    389.0,7812.,255.0,297,  9.7,    362.0,8341.,251.2,287, 11.4,
    332.0,8980.,246.3,285,  8.4,    298.0,9750.,240.6,274, 11.6                                                                 
   9999  12345       2016   1  1 11    0    2016   1  1 11    0   34      22                                                    
    604.0,4367.,275.7, 50,  1.9,    600.0,4419.,276.5,  3,  2.6,    595.0,4484.,276.7,338,  2.7,    589.0,4563.,276.2,319,  2.6,
    582.0,4658.,275.8,305,  2.9,    574.0,4772.,275.5,295,  3.4,    565.0,4905.,274.9,285,  3.6,    555.0,5055.,273.8,271,  3.9,
    543.0,5222.,272.6,256,  4.1,    531.0,5401.,271.2,247,  3.8,    519.0,5590.,269.9,261,  3.4,    506.0,5788.,268.9,269,  3.9,
    493.0,5993.,267.9,273,  3.5,    479.0,6210.,265.9,268,  3.1,    465.0,6444.,263.7,267,  3.6,    449.0,6707.,261.9,281,  5.4,
    432.0,7012.,260.2,310,  3.5,    412.0,7375.,257.9,332,  4.8,    389.0,7812.,254.7,318,  7.2,    362.0,8340.,250.6,294, 11.8,
    332.0,8977.,245.8,285, 10.2,    298.0,9746.,240.3,274, 12.2                                                                 
   9999  12345       2016   1  1 12    0    2016   1  1 12    0   34      22                                                    
    604.0,4367.,275.9, 33,  2.2,    600.0,4419.,276.3,360,  2.6,    595.0,4483.,276.4,333,  2.6,    589.0,4563.,276.1,316,  2.8,
    582.0,4658.,275.9,307,  3.3,    574.0,4772.,275.6,306,  3.4,    565.0,4905.,275.0,309,  2.9,    554.0,5055.,274.0,301,  2.8,
    543.0,5222.,272.8,287,  3.3,    531.0,5401.,271.6,277,  3.6,    519.0,5591.,270.3,278,  3.5,    506.0,5788.,268.9,281,  3.4,
    493.0,5993.,267.0,268,  3.6,    479.0,6209.,265.1,266,  4.4,    465.0,6443.,263.5,278,  4.7,    449.0,6705.,262.1,303,  1.9,
    432.0,7011.,260.3,334,  2.7,    412.0,7374.,257.8,344,  4.0,    389.0,7810.,254.8,320,  6.9,    362.0,8338.,250.7,299, 11.0,
    332.0,8975.,245.8,287, 11.3,    298.0,9744.,240.4,275, 12.5                                                                 
   9999  12345       2016   1  1 13    0    2016   1  1 13    0   34      22                                                    
    604.0,4368.,277.9,354,  3.1,    600.0,4420.,277.2,352,  3.3,    595.0,4484.,276.6,348,  3.3,    589.0,4563.,275.8,329,  3.3,
    582.0,4659.,275.4,304,  3.6,    574.0,4773.,275.1,299,  3.8,    565.0,4905.,274.8,304,  4.2,    554.0,5056.,274.3,309,  4.3,
    543.0,5222.,273.3,306,  4.1,    531.0,5402.,272.0,286,  3.9,    518.0,5591.,270.3,269,  4.1,    506.0,5789.,268.4,269,  4.8,
    493.0,5994.,266.6,277,  6.3,    479.0,6209.,265.1,286,  6.6,    465.0,6443.,263.8,296,  3.5,    449.0,6706.,262.3,344,  1.0,
    432.0,7011.,260.4, 12,  2.3,    412.0,7374.,258.2, 23,  3.0,    389.0,7811.,255.1, 21,  4.5,    362.0,8339.,250.6,305,  7.2,
    332.0,8976.,245.7,286, 11.4,    298.0,9744.,240.3,277, 12.7                                                                 
   9999  12345       2016   1  1 14    0    2016   1  1 14    0   34      22                                                    
    604.0,4368.,279.3,  7,  2.8,    600.0,4420.,278.5,  8,  3.0,    595.0,4485.,277.8,  8,  3.1,    589.0,4564.,277.0,  6,  3.1,
    582.0,4660.,276.0,  3,  3.1,    574.0,4774.,274.9,349,  3.2,    565.0,4906.,273.9,318,  4.3,    554.0,5057.,273.2,298,  5.9,
    543.0,5223.,273.0,297,  4.7,    531.0,5402.,271.8,291,  3.8,    518.0,5592.,270.2,277,  5.4,    506.0,5789.,268.4,278,  7.4,
    493.0,5994.,266.7,286,  9.1,    479.0,6209.,265.1,298,  6.8,    465.0,6443.,264.2,322,  3.6,    449.0,6706.,262.9,  5,  2.2,
    432.0,7012.,260.9, 30,  3.6,    412.0,7376.,258.6, 38,  4.9,    389.0,7813.,255.3, 11,  3.7,    362.0,8340.,250.3,317,  4.0,
    332.0,8977.,245.7,284, 10.6,    298.0,9745.,240.3,274, 13.0                                                                 
   9999  12345       2016   1  1 15    0    2016   1  1 15    0   34      22                                                    
    603.0,4368.,281.0,  9,  3.5,    599.0,4420.,280.3,  7,  3.6,    595.0,4486.,279.6,  5,  3.6,    589.0,4566.,278.8,  1,  3.6,
    582.0,4662.,277.8,355,  3.5,    574.0,4777.,276.7,345,  3.6,    565.0,4910.,275.4,325,  4.2,    554.0,5061.,274.0,307,  5.5,
    543.0,5227.,272.5,293,  7.1,    531.0,5407.,271.0,282,  8.9,    518.0,5596.,269.7,277, 10.6,    505.0,5793.,268.5,282, 10.5,
    492.0,5998.,267.5,299,  7.8,    479.0,6214.,265.6,326,  5.4,    465.0,6447.,264.2,  2,  3.9,    449.0,6710.,262.8, 27,  3.5,
    432.0,7015.,260.6,  6,  4.7,    412.0,7378.,258.3,  7,  3.9,    388.0,7815.,255.3,342,  2.8,    362.0,8343.,250.6,306,  5.3,
    332.0,8980.,245.7,283,  8.8,    298.0,9748.,240.2,273, 12.7                                                                 
   9999  12345       2016   1  1 16    0    2016   1  1 16    0   34      22                                                    
    603.0,4368.,281.7,357,  6.2,    599.0,4421.,280.9,357,  6.6,    595.0,4486.,280.2,357,  6.7,    589.0,4566.,279.3,356,  6.7,
    582.0,4663.,278.3,355,  6.6,    574.0,4778.,277.2,353,  6.6,    564.0,4911.,276.0,340,  6.4,    554.0,5062.,274.7,322,  7.0,
    543.0,5229.,273.2,309,  7.8,    531.0,5409.,271.7,299,  7.9,    518.0,5599.,270.1,287,  7.3,    505.0,5796.,268.4,277,  8.0,
    492.0,6000.,267.0,279,  9.0,    479.0,6216.,265.8,290,  7.7,    465.0,6449.,264.1,313,  5.3,    449.0,6711.,262.2,352,  4.3,
    432.0,7015.,260.4,  7,  5.4,    412.0,7377.,258.3,356,  4.2,    389.0,7814.,255.2,308,  6.0,    362.0,8341.,251.0,283,  8.2,
    332.0,8980.,246.4,268,  7.8,    298.0,9750.,240.7,272, 12.3                                                                 
   9999  12345       2016   1  1 17    0    2016   1  1 17    0   34      22                                                    
    603.0,4368.,281.5,347,  6.8,    599.0,4421.,280.8,347,  7.3,    594.0,4486.,280.1,346,  7.4,    589.0,4566.,279.2,345,  7.5,
    582.0,4663.,278.3,343,  7.5,    574.0,4778.,277.1,341,  7.5,    564.0,4911.,275.9,335,  7.6,    554.0,5062.,274.5,323,  7.7,
    543.0,5229.,273.1,311,  8.3,    530.0,5408.,271.5,301,  9.2,    518.0,5597.,269.8,297,  9.7,    505.0,5794.,268.5,295,  9.5,
    492.0,5999.,267.2,290,  8.2,    479.0,6214.,265.9,289,  6.3,    465.0,6447.,264.7,327,  3.4,    449.0,6710.,262.8,360,  4.9,
    432.0,7014.,260.6,351,  5.2,    412.0,7376.,258.2,332,  5.8,    389.0,7812.,255.3,310,  6.8,    362.0,8341.,251.5,270,  4.2,
    332.0,8980.,246.8,255,  8.7,    298.0,9753.,241.6,269, 10.5                                                                 
   9999  12345       2016   1  1 18    0    2016   1  1 18    0   34      22                                                    
    603.0,4368.,278.4,248,  8.3,    600.0,4420.,277.9,249,  8.4,    595.0,4484.,277.8,251,  6.4,    589.0,4564.,277.3,257,  4.5,
    582.0,4660.,276.4,268,  3.4,    574.0,4773.,275.2,278,  2.9,    565.0,4905.,273.7,292,  3.0,    554.0,5055.,273.1,300,  4.1,
    543.0,5221.,272.9,302,  5.7,    531.0,5400.,271.9,304,  6.7,    518.0,5590.,270.8,306,  7.2,    506.0,5787.,269.6,305,  7.2,
    493.0,5992.,268.3,302,  6.9,    479.0,6207.,267.0,300,  6.4,    465.0,6441.,265.5,298,  5.8,    450.0,6704.,263.7,297,  5.2,
    432.0,7009.,261.6,299,  4.5,    412.0,7372.,259.1,307,  3.7,    389.0,7809.,255.9,317,  2.7,    362.0,8338.,252.2,297,  2.8,
    332.0,8980.,248.1,280,  7.6,    298.0,9757.,242.9,279, 13.7                                                                 
   9999  12345       2016   1  1 19    0    2016   1  1 19    0   34      22                                                    
    604.0,4368.,276.1,357,  4.2,    600.0,4419.,275.4,  1,  4.2,    595.0,4483.,274.7,  7,  4.0,    590.0,4562.,273.6, 19,  3.8,
    582.0,4657.,273.1, 35,  4.6,    574.0,4769.,273.1, 34,  6.8,    564.0,4901.,272.9, 25,  7.0,    554.0,5051.,273.1, 24,  5.6,
    543.0,5217.,272.9, 35,  4.3,    531.0,5397.,271.7, 54,  3.8,    518.0,5587.,270.5, 53,  3.6,    506.0,5784.,269.2, 34,  3.4,
    493.0,5990.,267.9,  4,  3.4,    479.0,6206.,266.6,339,  3.8,    465.0,6441.,265.1,330,  5.0,    449.0,6705.,263.6,326,  8.4,
    432.0,7012.,261.8,303, 10.5,    412.0,7377.,259.4,279, 11.7,    388.0,7817.,256.3,267, 10.5,    362.0,8348.,252.1,280, 11.8,
    331.0,8990.,247.5,291, 14.0,    298.0,9763.,241.2,290, 14.4                                                                 
   9999  12345       2016   1  1 20    0    2016   1  1 20    0   34      22                                                    
    603.0,4368.,277.2, 11,  7.8,    599.0,4420.,276.6, 10,  8.6,    595.0,4484.,275.9,  8,  8.9,    589.0,4563.,275.2,  3, 10.0,
    582.0,4658.,274.9,356, 10.7,    574.0,4772.,274.6,354,  9.6,    565.0,4904.,274.7,349,  7.6,    554.0,5055.,274.4,316,  6.7,
    543.0,5222.,272.9,299,  8.2,    531.0,5401.,271.2,292,  9.7,    518.0,5591.,269.9,283, 11.8,    505.0,5788.,268.8,278, 11.4,
    492.0,5993.,267.5,276, 10.0,    479.0,6209.,266.2,271,  9.7,    465.0,6443.,264.8,263, 11.1,    449.0,6706.,262.8,264, 12.2,
    432.0,7012.,261.0,271, 12.2,    412.0,7376.,259.4,290, 13.3,    389.0,7814.,255.7,302, 11.9,    362.0,8344.,252.0,295, 11.2,
    332.0,8985.,247.4,291, 10.8,    298.0,9758.,241.4,284, 12.4                                                                 
   9999  12345       2016   1  1 21    0    2016   1  1 21    0   34      22                                                    
    603.0,4368.,277.9,  8, 11.2,    599.0,4420.,277.2,  8, 12.1,    595.0,4484.,276.5,  7, 12.5,    589.0,4564.,275.7,  6, 12.6,
    582.0,4659.,275.0,  2, 12.4,    574.0,4773.,274.9,354, 10.3,    564.0,4906.,274.7,333,  8.1,    554.0,5056.,274.0,308,  8.6,
    543.0,5223.,273.1,288,  9.7,    530.0,5403.,271.8,275, 10.1,    518.0,5593.,270.5,266, 10.0,    505.0,5790.,269.2,261,  9.8,
    492.0,5995.,267.7,260,  9.4,    479.0,6211.,266.1,260,  9.4,    465.0,6445.,264.5,261, 10.4,    449.0,6708.,262.8,267, 12.3,
    432.0,7014.,261.0,274, 13.3,    412.0,7377.,258.8,279, 12.7,    388.0,7814.,255.7,283, 12.0,    362.0,8344.,251.6,288, 11.8,
    332.0,8984.,246.9,291, 12.2,    298.0,9755.,241.1,287, 13.4                                                                 
   9999  12345       2016   1  1 22    0    2016   1  1 22    0   34      22                                                    
    603.0,4368.,278.5,  8,  6.5,    599.0,4420.,277.9,  8,  7.1,    595.0,4485.,277.2,  9,  7.4,    589.0,4564.,276.5,  9,  7.5,
    582.0,4660.,275.5,  9,  7.6,    574.0,4774.,274.5,359,  7.5,    564.0,4906.,273.6,337,  8.0,    554.0,5056.,272.7,313,  9.3,
    543.0,5222.,271.7,294, 10.5,    531.0,5401.,270.4,278, 11.3,    518.0,5590.,269.4,265, 12.1,    505.0,5787.,268.5,258, 12.1,
    492.0,5992.,267.5,252, 11.9,    479.0,6209.,266.4,249, 10.9,    465.0,6443.,265.0,257,  8.2,    449.0,6706.,263.0,262,  9.0,
    432.0,7012.,260.7,271, 11.9,    412.0,7375.,258.5,278, 13.1,    388.0,7812.,255.5,279, 12.5,    362.0,8341.,251.6,278, 10.8,
    332.0,8981.,247.0,286, 11.5,    298.0,9752.,241.0,287, 14.9                                                                 
   9999  12345       2016   1  1 23    0    2016   1  1 23    0   34      22                                                    
    604.0,4367.,274.5,132,  5.7,    600.0,4419.,274.1,134,  6.1,    595.0,4483.,273.8,152,  4.2,    589.0,4561.,273.3,195,  3.2,
    583.0,4656.,273.0,225,  3.7,    574.0,4769.,272.6,235,  4.9,    565.0,4900.,272.4,232,  5.3,    555.0,5050.,271.8,178,  2.9,
    543.0,5216.,271.5,137,  3.6,    531.0,5395.,270.2, 90,  1.4,    519.0,5584.,269.0,349,  4.1,    506.0,5781.,267.9,319,  7.6,
    493.0,5986.,266.7,296, 10.1,    479.0,6203.,265.9,279, 10.2,    465.0,6438.,265.0,273,  9.0,    449.0,6702.,263.3,272,  8.9,
    432.0,7008.,260.9,270, 10.5,    412.0,7371.,258.3,275, 11.9,    389.0,7808.,255.2,279, 12.7,    362.0,8337.,251.5,283, 13.0,
    332.0,8977.,246.8,289, 13.9,    298.0,9748.,240.8,287, 15.9                                                                 
   9999  12345       2016   1  1 24    0    2016   1  1 24    0   34      22                                                    
    603.0,4368.,275.7, 93,  4.0,    600.0,4419.,276.1, 84,  3.9,    595.0,4484.,276.1, 56,  1.5,    589.0,4563.,275.7,342,  1.3,
    582.0,4658.,275.8,310,  1.8,    574.0,4772.,275.1,295,  2.7,    565.0,4905.,274.0,281,  4.1,    554.0,5055.,272.8,269,  5.8,
    543.0,5221.,271.7,256,  7.6,    531.0,5400.,270.8,250,  8.7,    518.0,5589.,269.7,245,  8.3,    505.0,5786.,268.4,241,  7.6,
    492.0,5991.,267.3,235,  6.5,    479.0,6206.,266.0,231,  5.1,    465.0,6440.,264.3,253,  4.1,    449.0,6703.,262.3,286,  7.6,
    432.0,7008.,260.3,289, 11.4,    412.0,7371.,258.1,291, 13.6,    388.0,7808.,254.9,289, 14.8,    362.0,8336.,251.4,287, 15.6,
    332.0,8975.,246.6,287, 15.7,    298.0,9746.,240.8,285, 16.8                                                                 
   9999  12345       2016   1  2  1    0    2016   1  2  1    0   34      22                                                    
    603.0,4368.,275.6,275,  2.2,    600.0,4419.,276.0,273,  4.4,    595.0,4484.,276.0,282,  5.6,    589.0,4563.,276.0,288,  6.3,
    582.0,4659.,275.7,284,  6.9,    574.0,4772.,275.1,274,  6.9,    565.0,4905.,274.4,265,  7.1,    554.0,5055.,273.7,263,  7.1,
    543.0,5221.,272.9,256,  6.6,    531.0,5401.,271.7,244,  6.6,    518.0,5590.,270.4,234,  6.6,    505.0,5788.,269.0,231,  6.4,
    492.0,5993.,267.5,232,  5.2,    479.0,6209.,265.9,243,  3.5,    465.0,6442.,264.0,273,  4.9,    449.0,6705.,262.2,287,  9.0,
    432.0,7011.,260.6,294, 11.9,    412.0,7373.,258.3,294, 12.4,    388.0,7810.,255.3,290, 13.6,    362.0,8339.,251.4,285, 14.1,
    332.0,8977.,246.4,285, 12.0,    298.0,9747.,240.6,284, 14.2                                                                 
   9999  12345       2016   1  2  2    0    2016   1  2  2    0   34      22                                                    
    604.0,4367.,274.9,283,  1.9,    600.0,4419.,275.5,277,  4.9,    595.0,4483.,275.9,270,  7.1,    589.0,4562.,275.8,262,  7.8,
    582.0,4658.,275.5,258,  7.7,    574.0,4772.,275.2,255,  8.0,    565.0,4904.,274.8,251,  8.6,    554.0,5054.,274.1,247,  8.7,
    543.0,5221.,273.3,243,  8.4,    531.0,5400.,272.2,240,  7.7,    518.0,5590.,270.9,239,  6.0,    506.0,5788.,269.4,250,  3.7,
    493.0,5993.,267.8,280,  3.2,    479.0,6210.,265.9,285,  5.1,    465.0,6444.,264.1,287,  7.8,    449.0,6707.,262.3,291, 10.6,
    432.0,7012.,260.3,295, 11.8,    412.0,7375.,257.9,296, 11.6,    388.0,7811.,254.8,295, 12.4,    362.0,8338.,250.8,291, 13.9,
    332.0,8976.,245.9,286, 15.4,    298.0,9745.,240.3,283, 15.8                                                                 
   9999  12345       2016   1  2  3    0    2016   1  2  3    0   34      22                                                    
    604.0,4367.,275.4,197,  0.6,    600.0,4419.,276.0,255,  3.0,    595.0,4483.,276.2,256,  5.1,    589.0,4563.,276.2,256,  6.5,
    582.0,4658.,275.8,255,  7.0,    574.0,4772.,275.3,253,  7.2,    565.0,4904.,274.6,251,  7.5,    555.0,5054.,273.7,247,  8.1,
    543.0,5220.,272.6,242,  8.5,    531.0,5399.,271.4,239,  8.4,    519.0,5588.,270.2,236,  7.6,    506.0,5786.,269.0,237,  5.6,
    493.0,5991.,267.4,270,  2.9,    479.0,6207.,265.6,270,  3.8,    465.0,6441.,263.7,272,  7.0,    449.0,6704.,261.9,279, 10.9,
    432.0,7009.,260.3,285, 12.2,    412.0,7371.,258.3,293, 11.4,    389.0,7808.,255.2,297, 12.0,    362.0,8336.,251.1,294, 12.8,
    332.0,8975.,246.3,289, 13.7,    298.0,9745.,240.8,283, 13.4                                                                 
   9999  12345       2016   1  2  4    0    2016   1  2  4    0   34      22                                                    
    604.0,4367.,275.5,261,  1.1,    600.0,4419.,276.2,263,  3.4,    595.0,4483.,276.4,258,  4.7,    589.0,4562.,276.3,256,  5.6,
    583.0,4658.,275.9,254,  6.4,    574.0,4772.,275.4,254,  6.8,    565.0,4904.,274.7,254,  6.2,    555.0,5054.,273.7,257,  4.8,
    543.0,5220.,272.5,261,  3.6,    531.0,5399.,271.2,255,  3.6,    519.0,5589.,269.9,242,  4.1,    506.0,5786.,268.6,235,  4.0,
    493.0,5991.,267.2,245,  3.0,    479.0,6207.,265.5,281,  3.6,    465.0,6441.,263.5,278,  6.3,    449.0,6704.,261.6,280, 10.7,
    432.0,7009.,260.2,284, 11.5,    412.0,7372.,258.4,295, 11.3,    389.0,7809.,255.1,304, 11.2,    362.0,8336.,250.7,297, 12.7,
    332.0,8974.,246.0,288, 12.3,    298.0,9744.,240.7,281, 12.0                                                                 
   9999  12345       2016   1  2  5    0    2016   1  2  5    0   34      22                                                    
    604.0,4367.,275.1,356,  1.0,    600.0,4419.,275.8,279,  2.9,    595.0,4483.,275.8,266,  4.5,    590.0,4562.,275.9,262,  5.6,
    583.0,4658.,275.6,260,  5.7,    575.0,4771.,275.1,257,  6.2,    565.0,4903.,274.5,254,  6.1,    555.0,5053.,273.7,250,  4.9,
    543.0,5220.,272.4,241,  3.6,    531.0,5399.,271.0,248,  3.9,    519.0,5588.,269.5,253,  3.9,    506.0,5786.,268.3,245,  2.3,
    493.0,5991.,267.0,285,  2.4,    479.0,6207.,265.2,285,  4.8,    465.0,6441.,263.3,280,  8.1,    450.0,6704.,261.7,281, 11.4,
    432.0,7009.,260.3,288, 11.2,    412.0,7372.,258.2,301, 11.3,    389.0,7809.,254.5,308, 10.0,    362.0,8336.,250.3,296, 12.0,
    332.0,8973.,245.9,284, 10.6,    298.0,9743.,240.8,275, 11.1                                                                 
   9999  12345       2016   1  2  6    0    2016   1  2  6    0   34      22                                                    
    604.0,4367.,275.5,272,  1.0,    600.0,4419.,275.5,270,  3.5,    596.0,4483.,275.6,266,  5.4,    590.0,4562.,275.6,261,  6.1,
    583.0,4657.,275.4,256,  5.6,    575.0,4771.,274.8,253,  6.0,    565.0,4903.,274.2,253,  6.0,    555.0,5053.,273.4,253,  4.8,
    544.0,5219.,272.5,240,  3.3,    531.0,5399.,271.1,228,  3.1,    519.0,5588.,269.6,237,  2.8,    506.0,5786.,268.2,246,  2.4,
    493.0,5991.,266.7,262,  3.2,    479.0,6207.,265.2,274,  6.2,    465.0,6441.,263.7,282, 10.1,    450.0,6705.,262.1,286, 11.6,
    432.0,7010.,260.4,295, 10.6,    412.0,7373.,257.9,307, 10.3,    389.0,7809.,254.1,309, 10.4,    362.0,8335.,249.9,297, 10.6,
    332.0,8972.,245.6,281,  9.0,    298.0,9741.,240.5,272, 11.4                                                                 
   9999  12345       2016   1  2  7    0    2016   1  2  7    0   34      22                                                    
    604.0,4367.,275.4,294,  0.9,    600.0,4419.,275.6,281,  3.3,    596.0,4483.,275.6,271,  4.7,    590.0,4562.,275.7,262,  5.1,
    583.0,4657.,275.5,254,  5.0,    575.0,4771.,274.9,250,  5.9,    565.0,4903.,274.3,248,  5.9,    555.0,5053.,273.3,246,  4.6,
    544.0,5219.,272.2,238,  3.0,    531.0,5398.,271.0,229,  2.9,    519.0,5588.,269.5,238,  3.0,    506.0,5785.,268.0,248,  3.1,
    493.0,5991.,266.5,262,  4.0,    479.0,6207.,265.2,273,  6.6,    465.0,6441.,263.7,283, 10.0,    450.0,6705.,262.1,290, 11.4,
    432.0,7010.,260.2,298, 10.4,    412.0,7373.,257.5,305, 10.5,    389.0,7809.,254.0,302, 10.7,    362.0,8335.,250.1,291,  8.8,
    332.0,8972.,245.8,274,  7.2,    298.0,9742.,240.5,271, 10.9                                                                 
   9999  12345       2016   1  2  8    0    2016   1  2  8    0   34      22                                                    
    604.0,4367.,275.2,299,  1.0,    600.0,4419.,275.8,282,  3.1,    596.0,4483.,276.0,269,  3.5,    590.0,4562.,276.1,256,  4.3,
    583.0,4657.,275.7,250,  5.6,    575.0,4771.,275.1,247,  6.7,    565.0,4903.,274.4,246,  6.5,    555.0,5053.,273.4,244,  5.2,
    544.0,5219.,272.2,232,  3.4,    531.0,5398.,270.8,225,  3.5,    519.0,5587.,269.5,235,  3.5,    506.0,5785.,268.0,249,  3.0,
    493.0,5990.,266.6,268,  4.0,    480.0,6206.,265.1,279,  7.1,    465.0,6440.,263.8,286, 10.2,    450.0,6704.,262.2,293, 10.6,
    432.0,7009.,260.2,300,  9.9,    412.0,7372.,257.5,303,  9.9,    389.0,7807.,254.1,297,  8.9,    362.0,8334.,250.4,283,  7.4,
    332.0,8972.,246.2,267,  7.0,    298.0,9742.,240.7,267, 10.6                                                                 
   9999  12345       2016   1  2  9    0    2016   1  2  9    0   34      22                                                    
    604.0,4367.,274.5,360,  0.7,    600.0,4419.,275.4,286,  2.6,    596.0,4483.,275.9,276,  3.3,    590.0,4562.,276.1,264,  3.9,
    583.0,4657.,275.7,255,  4.9,    575.0,4771.,275.1,251,  5.6,    565.0,4903.,274.4,249,  5.4,    555.0,5053.,273.3,246,  4.6,
    544.0,5219.,272.1,238,  3.8,    531.0,5398.,270.8,231,  4.0,    519.0,5587.,269.4,235,  4.6,    506.0,5784.,268.0,249,  3.9,
    493.0,5990.,266.4,278,  4.4,    480.0,6206.,265.2,283,  8.2,    465.0,6440.,263.9,289, 10.0,    450.0,6704.,262.3,294,  9.5,
    432.0,7009.,260.3,300,  8.8,    412.0,7372.,257.5,304,  8.3,    389.0,7807.,254.1,294,  7.0,    362.0,8334.,250.3,275,  5.0,
    332.0,8972.,245.9,262,  6.5,    298.0,9741.,240.5,267, 10.5                                                                 
   9999  12345       2016   1  2 10    0    2016   1  2 10    0   34      22                                                    
    604.0,4367.,274.7,353,  0.8,    600.0,4419.,275.6,289,  3.5,    596.0,4483.,275.8,282,  4.7,    590.0,4562.,275.8,276,  5.0,
    583.0,4657.,275.6,272,  4.2,    575.0,4771.,275.0,269,  3.3,    565.0,4903.,274.2,266,  3.2,    555.0,5053.,273.2,265,  2.8,
    544.0,5219.,271.9,256,  2.4,    531.0,5398.,270.6,240,  3.0,    519.0,5587.,269.2,234,  4.3,    506.0,5784.,267.8,242,  4.5,
    493.0,5989.,266.3,275,  5.4,    480.0,6205.,265.2,285,  8.9,    465.0,6439.,263.8,290, 10.1,    450.0,6703.,262.3,293,  9.6,
    432.0,7008.,260.4,300,  8.7,    412.0,7371.,257.6,303,  7.8,    389.0,7807.,254.3,294,  5.7,    362.0,8334.,250.5,267,  3.9,
    332.0,8972.,245.9,260,  6.1,    298.0,9741.,240.6,266, 10.6                                                                 
   9999  12345       2016   1  2 11    0    2016   1  2 11    0   34      22                                                    
    604.0,4367.,274.4,325,  0.9,    600.0,4419.,275.4,289,  3.7,    596.0,4483.,275.6,286,  5.4,    590.0,4562.,275.6,283,  6.5,
    583.0,4657.,275.4,282,  6.8,    575.0,4770.,274.7,281,  6.4,    565.0,4902.,274.0,277,  5.0,    555.0,5052.,273.1,276,  2.6,
    544.0,5218.,271.9,274,  1.7,    531.0,5397.,270.6,241,  2.4,    519.0,5586.,269.3,232,  4.0,    506.0,5784.,268.0,254,  4.4,
    493.0,5989.,266.5,284,  6.4,    480.0,6205.,265.3,289,  9.1,    465.0,6439.,264.0,290, 10.0,    450.0,6703.,262.4,295,  9.2,
    432.0,7008.,260.3,302,  8.4,    412.0,7371.,257.4,303,  7.3,    389.0,7806.,254.2,297,  5.1,    362.0,8333.,250.4,270,  3.0,
    332.0,8971.,245.9,262,  6.4,    298.0,9741.,240.6,265, 10.8                                                                 
   9999  12345       2016   1  2 12    0    2016   1  2 12    0   34      22                                                    
    604.0,4367.,274.7,325,  0.6,    600.0,4419.,275.3,295,  3.0,    596.0,4483.,275.7,303,  3.4,    590.0,4562.,275.5,320,  2.8,
    583.0,4657.,275.0,319,  2.7,    575.0,4770.,274.4,291,  3.8,    565.0,4902.,273.8,280,  4.7,    555.0,5052.,273.2,274,  3.2,
    544.0,5218.,272.3,273,  0.8,    531.0,5397.,270.8,253,  1.8,    519.0,5586.,269.3,241,  3.2,    506.0,5784.,268.0,260,  3.8,
    493.0,5989.,266.7,284,  6.4,    480.0,6205.,265.5,289,  9.7,    465.0,6439.,264.2,293,  9.9,    450.0,6703.,262.5,300,  8.7,
    432.0,7008.,260.3,308,  8.2,    412.0,7371.,257.3,308,  7.0,    389.0,7806.,254.0,299,  4.8,    362.0,8333.,250.6,264,  2.6,
    332.0,8971.,246.1,259,  6.7,    298.0,9741.,240.6,263, 10.5                                                                 
   9999  12345       2016   1  2 13    0    2016   1  2 13    0   34      22                                                    
    604.0,4368.,277.1,338,  0.9,    600.0,4419.,276.4,346,  1.1,    596.0,4484.,275.9,  3,  1.9,    590.0,4562.,275.6,  8,  2.3,
    583.0,4658.,275.2,355,  2.1,    575.0,4771.,274.5,310,  2.6,    566.0,4903.,273.8,285,  4.0,    555.0,5053.,273.1,283,  3.4,
    544.0,5219.,272.4,300,  0.6,    532.0,5398.,270.9,254,  1.6,    519.0,5588.,269.4,247,  3.0,    506.0,5785.,268.1,264,  3.7,
    493.0,5990.,266.8,281,  6.7,    480.0,6206.,265.6,289,  9.8,    465.0,6441.,264.3,293, 10.1,    450.0,6705.,262.7,303,  9.2,
    432.0,7011.,260.3,319,  6.9,    412.0,7373.,257.1,307,  8.5,    389.0,7808.,254.0,297,  5.0,    362.0,8335.,250.8,257,  2.9,
    332.0,8974.,246.2,259,  7.2,    298.0,9744.,240.6,263, 10.9                                                                 
   9999  12345       2016   1  2 14    0    2016   1  2 14    0   34      22                                                    
    604.0,4368.,279.5,332,  1.2,    600.0,4420.,278.8,335,  1.3,    596.0,4485.,278.0,339,  1.3,    590.0,4564.,277.2,342,  1.3,
    583.0,4660.,276.2,343,  1.4,    575.0,4774.,275.2,333,  1.7,    565.0,4906.,274.0,308,  2.8,    555.0,5056.,272.7,295,  3.8,
    544.0,5222.,272.1,300,  1.8,    531.0,5401.,270.9,292,  0.9,    519.0,5590.,269.5,256,  2.8,    506.0,5788.,268.2,264,  4.5,
    493.0,5993.,266.9,277,  7.6,    480.0,6209.,265.8,287, 10.5,    465.0,6444.,264.6,293, 10.1,    450.0,6708.,263.0,308,  7.9,
    432.0,7014.,260.3,335,  4.3,    412.0,7377.,257.1,314,  6.8,    389.0,7812.,254.3,298,  4.3,    362.0,8340.,250.8,262,  3.4,
    332.0,8978.,246.1,257,  8.8,    298.0,9748.,240.5,262, 11.4                                                                 
   9999  12345       2016   1  2 15    0    2016   1  2 15    0   34      22                                                    
    604.0,4368.,281.1,334,  1.6,    600.0,4420.,280.3,334,  1.7,    596.0,4485.,279.5,334,  1.7,    590.0,4565.,278.7,333,  1.7,
    583.0,4661.,277.7,332,  1.7,    575.0,4776.,276.5,330,  1.7,    565.0,4909.,275.2,329,  1.7,    555.0,5059.,273.8,323,  1.8,
    544.0,5226.,272.3,315,  2.3,    531.0,5405.,270.6,307,  2.9,    519.0,5594.,268.9,290,  2.4,    506.0,5792.,267.9,257,  4.3,
    493.0,5997.,267.1,275,  7.2,    479.0,6213.,266.0,286,  9.9,    465.0,6448.,264.7,293, 10.2,    450.0,6711.,262.9,302,  8.2,
    432.0,7017.,260.3,321,  5.4,    412.0,7379.,257.1,308,  7.3,    389.0,7815.,254.3,290,  4.0,    362.0,8342.,250.9,255,  6.5,
    332.0,8981.,246.2,257, 10.1,    298.0,9750.,240.6,267, 10.9                                                                 
   9999  12345       2016   1  2 16    0    2016   1  2 16    0   34      22                                                    
    604.0,4368.,282.3,  5,  3.1,    600.0,4421.,281.5,  7,  3.2,    595.0,4486.,280.7,  8,  3.2,    590.0,4566.,279.9,  8,  3.1,
    583.0,4663.,278.9,  8,  3.0,    575.0,4778.,277.7,  8,  2.9,    565.0,4911.,276.4,  6,  2.8,    555.0,5062.,275.0,354,  2.6,
    543.0,5230.,273.4,325,  2.9,    531.0,5410.,271.7,305,  3.7,    519.0,5600.,269.9,291,  4.6,    506.0,5798.,268.1,279,  5.4,
    493.0,6003.,266.4,270,  5.4,    479.0,6219.,265.6,277,  5.8,    465.0,6453.,264.1,282,  7.0,    449.0,6716.,262.3,281,  7.1,
    432.0,7022.,260.2,286,  5.6,    412.0,7384.,257.3,314,  5.3,    389.0,7819.,254.5,286,  3.9,    362.0,8347.,250.8,251,  9.0,
    332.0,8985.,246.3,258, 10.1,    298.0,9756.,240.6,271, 11.4                                                                 
   9999  12345       2016   1  2 17    0    2016   1  2 17    0   34      22                                                    
    604.0,4368.,282.7,  7,  5.5,    600.0,4421.,281.9,  7,  5.7,    595.0,4486.,281.2,  7,  5.8,    590.0,4567.,280.3,  7,  5.7,
    583.0,4664.,279.3,  7,  5.6,    574.0,4779.,278.2,  5,  5.4,    565.0,4913.,276.9,  2,  5.2,    555.0,5064.,275.4,354,  5.0,
    543.0,5232.,273.8,337,  5.1,    531.0,5412.,272.1,320,  5.8,    519.0,5603.,270.4,306,  6.9,    506.0,5801.,268.6,294,  7.9,
    493.0,6007.,266.8,281,  7.7,    479.0,6223.,265.1,264,  7.2,    465.0,6457.,263.6,243,  6.7,    449.0,6720.,262.1,226,  5.1,
    432.0,7025.,260.6,237,  2.7,    412.0,7387.,258.1,285,  2.9,    389.0,7824.,254.7,244,  4.6,    362.0,8351.,251.0,254,  8.8,
    332.0,8990.,246.3,260,  9.0,    298.0,9760.,240.6,272, 11.6                                                                 
   9999  12345       2016   1  2 18    0    2016   1  2 18    0   34      22                                                    
    604.0,4368.,282.0,356,  7.9,    600.0,4421.,281.3,355,  8.4,    595.0,4486.,280.5,354,  8.6,    590.0,4566.,279.7,352,  8.6,
    583.0,4663.,278.7,350,  8.6,    575.0,4778.,277.6,342,  8.5,    565.0,4912.,276.4,328,  8.9,    555.0,5064.,275.2,317,  9.6,
    543.0,5231.,273.9,307,  9.7,    531.0,5412.,272.7,293,  8.5,    519.0,5602.,271.0,275,  7.3,    506.0,5801.,269.2,264,  6.9,
    493.0,6007.,267.2,253,  7.2,    479.0,6224.,265.6,248,  7.6,    465.0,6458.,264.3,248,  7.3,    449.0,6723.,262.8,245,  5.8,
    432.0,7029.,260.8,248,  3.9,    412.0,7392.,257.9,246,  3.1,    388.0,7828.,254.3,251,  5.7,    362.0,8355.,250.6,255,  8.4,
    332.0,8992.,246.1,257,  9.0,    298.0,9762.,240.5,270, 12.5                                                                 
   9999  12345       2016   1  2 19    0    2016   1  2 19    0   34      22                                                    
    604.0,4368.,281.3, 27,  6.6,    600.0,4420.,280.6, 27,  7.0,    595.0,4486.,279.9, 27,  7.2,    590.0,4566.,279.1, 26,  7.3,
    583.0,4662.,278.2, 25,  7.3,    574.0,4777.,277.1, 20,  7.3,    565.0,4910.,275.9,  5,  7.4,    555.0,5061.,274.6,348,  8.1,
    543.0,5228.,273.1,333,  9.0,    531.0,5407.,272.0,317, 10.3,    519.0,5597.,270.3,307, 11.2,    506.0,5794.,268.8,301, 11.7,
    493.0,5999.,267.4,295, 11.6,    479.0,6215.,266.3,288, 11.2,    465.0,6449.,264.9,279, 10.9,    450.0,6712.,263.3,271, 10.7,
    432.0,7018.,261.4,265, 10.4,    412.0,7382.,259.0,264, 10.4,    389.0,7820.,256.0,265, 10.7,    362.0,8351.,252.6,259, 10.4,
    332.0,8992.,246.6,256,  9.7,    298.0,9763.,240.4,273, 11.4                                                                 
   9999  12345       2016   1  2 20    0    2016   1  2 20    0   34      22                                                    
    604.0,4368.,278.3,128,  6.1,    600.0,4420.,277.8,127,  6.3,    596.0,4484.,277.2,125,  5.4,    590.0,4564.,276.5,131,  4.1,
    583.0,4660.,275.5,140,  3.6,    575.0,4773.,274.3,154,  3.1,    565.0,4905.,273.1,174,  3.0,    554.0,5055.,272.9,190,  2.7,
    543.0,5222.,272.7,196,  2.1,    531.0,5402.,271.4,191,  0.7,    519.0,5592.,270.2, 30,  1.6,    506.0,5790.,269.0, 22,  3.3,
    493.0,5996.,267.8, 12,  4.3,    479.0,6213.,266.5,357,  5.0,    465.0,6448.,265.1,339,  5.9,    450.0,6712.,263.7,314,  7.4,
    432.0,7020.,261.8,296,  9.4,    412.0,7385.,259.3,275, 10.4,    389.0,7823.,254.9,254,  8.2,    362.0,8351.,250.8,247,  9.8,
    332.0,8991.,246.8,251,  7.9,    298.0,9763.,241.2,282, 12.0                                                                 
   9999  12345       2016   1  2 21    0    2016   1  2 21    0   34      22                                                    
    604.0,4368.,278.2, 45,  4.6,    600.0,4420.,277.6, 41,  4.9,    595.0,4484.,277.0, 29,  5.2,    589.0,4564.,276.4, 17,  5.9,
    583.0,4660.,275.7, 10,  7.1,    574.0,4774.,274.9,  4,  8.3,    565.0,4906.,274.2,355,  9.0,    555.0,5057.,273.6,338,  9.1,
    543.0,5223.,273.0,314,  9.9,    531.0,5403.,272.0,301, 11.5,    519.0,5593.,270.7,295, 11.5,    506.0,5791.,269.3,293, 10.0,
    493.0,5997.,267.9,287,  8.2,    479.0,6213.,266.6,272,  7.2,    465.0,6448.,264.9,259,  7.1,    449.0,6711.,262.8,256,  6.7,
    432.0,7017.,260.6,252,  6.6,    412.0,7380.,258.3,253,  7.0,    389.0,7818.,255.7,257, 10.0,    362.0,8348.,251.9,263,  9.9,
    332.0,8989.,247.2,270,  9.8,    298.0,9761.,241.2,272, 14.1                                                                 
   9999  12345       2016   1  2 22    0    2016   1  2 22    0   34      22                                                    
    603.0,4368.,279.6,  9,  9.0,    600.0,4420.,279.0,  8,  9.7,    595.0,4485.,278.4,  8,  9.9,    589.0,4565.,277.7,  6, 10.1,
    582.0,4661.,276.9,359, 10.3,    574.0,4776.,276.0,346, 10.7,    565.0,4909.,275.1,331, 11.2,    554.0,5059.,273.9,317, 11.9,
    543.0,5226.,272.6,305, 12.9,    531.0,5406.,271.1,298, 13.8,    518.0,5595.,269.8,293, 13.4,    505.0,5793.,268.7,289, 12.4,
    492.0,5998.,267.5,281, 11.6,    479.0,6215.,266.0,276, 11.7,    465.0,6449.,264.3,281, 11.8,    449.0,6712.,262.7,277, 10.8,
    432.0,7018.,261.8,249, 11.6,    412.0,7382.,259.1,244, 11.4,    388.0,7819.,255.7,245,  8.5,    362.0,8349.,252.3,265,  4.8,
    332.0,8990.,247.0,284,  4.9,    298.0,9761.,240.9,276, 12.3                                                                 
   9999  12345       2016   1  2 23    0    2016   1  2 23    0   34      22                                                    
    604.0,4368.,278.8,355,  7.4,    600.0,4420.,278.3,354,  8.4,    595.0,4485.,277.7,353,  8.8,    589.0,4565.,277.2,346,  9.1,
    582.0,4661.,276.8,333,  8.9,    574.0,4775.,275.9,321,  9.2,    565.0,4908.,274.7,310,  9.7,    554.0,5059.,273.5,300, 10.4,
    543.0,5226.,272.3,291, 11.3,    531.0,5405.,271.4,286, 11.3,    518.0,5595.,270.3,284, 10.4,    505.0,5793.,268.9,282,  9.8,
    492.0,5999.,267.5,279,  9.3,    479.0,6215.,266.2,276,  8.6,    465.0,6450.,264.9,267,  6.2,    449.0,6713.,263.2,236,  5.1,
    432.0,7019.,260.9,233,  7.0,    412.0,7381.,258.4,241,  8.9,    389.0,7818.,255.3,247, 10.2,    362.0,8346.,251.9,258,  8.0,
    332.0,8986.,247.1,277,  7.2,    298.0,9758.,241.2,277, 15.1                                                                 
   9999  12345       2016   1  2 24    0    2016   1  2 24    0   34      22                                                    
    604.0,4368.,276.8, 11,  5.4,    600.0,4420.,276.6,  6,  7.1,    595.0,4484.,276.8,353,  7.3,    589.0,4564.,277.0,334,  7.0,
    582.0,4660.,276.4,318,  7.2,    574.0,4774.,275.3,309,  7.6,    565.0,4907.,274.1,301,  8.4,    554.0,5057.,272.9,291,  9.7,
    543.0,5224.,272.1,285, 10.5,    531.0,5403.,271.2,285,  9.8,    518.0,5593.,270.4,287,  8.8,    505.0,5791.,269.5,286,  7.7,
    492.0,5997.,268.4,279,  5.6,    479.0,6214.,266.8,259,  3.6,    465.0,6448.,265.0,244,  4.3,    449.0,6711.,263.1,242,  5.7,
    432.0,7017.,261.1,241,  7.5,    412.0,7380.,258.6,243,  9.4,    388.0,7817.,255.7,247,  9.7,    362.0,8346.,251.8,262,  7.0,
    332.0,8986.,246.7,275,  8.5,    298.0,9757.,241.2,277, 17.7                                                                 
   9999  12345       2016   1  3  1    0    2016   1  3  1    0   34      22                                                    
    604.0,4368.,275.9, 48,  4.1,    600.0,4419.,276.2, 27,  5.2,    595.0,4484.,276.3, 15,  5.1,    589.0,4563.,276.3,347,  4.8,
    582.0,4659.,275.7,321,  5.5,    574.0,4773.,274.7,307,  6.3,    565.0,4905.,273.5,296,  7.2,    554.0,5056.,272.6,285,  8.5,
    543.0,5222.,271.9,282,  9.6,    531.0,5402.,271.1,281,  9.7,    518.0,5592.,270.2,282,  9.0,    505.0,5789.,269.1,283,  7.9,
    492.0,5995.,268.1,285,  6.6,    479.0,6211.,266.7,287,  4.9,    465.0,6446.,265.3,276,  4.4,    449.0,6710.,263.9,261,  6.4,
    432.0,7016.,261.7,252,  8.5,    412.0,7380.,259.3,250,  9.5,    389.0,7817.,256.1,252,  8.4,    362.0,8347.,251.8,267,  5.0,
    332.0,8987.,247.0,275,  8.7,    298.0,9759.,241.3,279, 18.8                                                                 
   9999  12345       2016   1  3  2    0    2016   1  3  2    0   34      22                                                    
    604.0,4368.,275.6, 48,  3.8,    600.0,4419.,276.0, 25,  4.6,    595.0,4484.,276.1, 13,  4.3,    589.0,4563.,275.9,342,  4.2,
    582.0,4659.,275.2,318,  4.6,    574.0,4773.,274.3,302,  5.2,    565.0,4905.,273.5,288,  6.6,    554.0,5055.,273.0,280,  8.1,
    543.0,5222.,272.2,278,  8.9,    531.0,5402.,271.2,276,  8.5,    518.0,5591.,270.1,277,  7.5,    505.0,5789.,269.0,280,  7.3,
    492.0,5995.,267.9,289,  6.9,    479.0,6212.,267.1,303,  4.3,    465.0,6447.,265.8,325,  2.7,    449.0,6711.,263.8,309,  2.6,
    432.0,7017.,261.6,273,  4.3,    412.0,7381.,258.9,256,  8.2,    388.0,7818.,255.8,249,  8.3,    362.0,8347.,251.7,253,  4.1,
    332.0,8986.,246.6,275,  6.5,    298.0,9758.,241.1,279, 18.3                                                                 
   9999  12345       2016   1  3  3    0    2016   1  3  3    0   34      22                                                    
    604.0,4368.,275.2, 40,  3.7,    600.0,4419.,275.9, 25,  4.6,    595.0,4484.,275.9, 10,  4.5,    589.0,4563.,275.6,341,  4.4,
    582.0,4659.,275.0,317,  4.5,    574.0,4772.,274.2,295,  5.0,    565.0,4905.,273.6,281,  6.8,    554.0,5055.,273.0,276,  8.7,
    543.0,5221.,272.2,274,  9.4,    531.0,5401.,271.2,271,  8.2,    518.0,5591.,270.0,272,  6.3,    506.0,5789.,268.9,283,  5.8,
    492.0,5994.,268.1,290,  6.7,    479.0,6211.,267.0,296,  4.5,    465.0,6446.,265.6,360,  2.2,    449.0,6710.,263.7, 10,  2.9,
    432.0,7016.,261.5,295,  2.4,    412.0,7380.,258.8,255,  7.1,    388.0,7817.,255.7,248,  8.7,    362.0,8346.,251.7,249,  5.5,
    332.0,8986.,246.6,273,  7.0,    298.0,9757.,241.2,279, 17.9                                                                 
   9999  12345       2016   1  3  4    0    2016   1  3  4    0   34      22                                                    
    604.0,4368.,275.3, 32,  3.2,    600.0,4419.,276.1,  3,  4.1,    595.0,4484.,276.0,340,  4.4,    589.0,4563.,275.5,319,  4.7,
    582.0,4659.,274.9,300,  4.8,    574.0,4772.,274.3,284,  5.7,    565.0,4905.,273.7,277,  7.7,    554.0,5055.,273.1,274,  9.0,
    543.0,5221.,272.2,271,  8.5,    531.0,5401.,271.2,269,  6.7,    518.0,5591.,270.1,277,  5.0,    506.0,5789.,269.3,288,  5.3,
    492.0,5995.,268.3,292,  5.6,    479.0,6211.,267.1,316,  3.6,    465.0,6446.,265.1, 22,  2.9,    449.0,6710.,263.4, 47,  4.5,
    432.0,7016.,261.6,336,  1.5,    412.0,7379.,258.5,252,  5.6,    388.0,7816.,255.6,246,  9.2,    362.0,8345.,251.7,255,  6.2,
    332.0,8984.,246.6,274,  8.0,    298.0,9756.,241.2,278, 18.1                                                                 
   9999  12345       2016   1  3  5    0    2016   1  3  5    0   34      22                                                    
    604.0,4367.,275.1, 33,  2.6,    600.0,4419.,275.8,349,  3.5,    595.0,4484.,275.8,326,  4.3,    589.0,4563.,275.4,311,  4.4,
    582.0,4658.,274.8,293,  4.6,    574.0,4772.,274.3,280,  6.2,    565.0,4904.,273.7,276,  8.1,    554.0,5055.,273.0,274,  8.8,
    543.0,5221.,272.1,271,  7.9,    531.0,5401.,271.2,272,  5.8,    518.0,5591.,270.3,274,  4.2,    506.0,5789.,269.2,280,  4.9,
    492.0,5995.,268.1,287,  5.2,    479.0,6211.,266.8,301,  3.5,    465.0,6446.,264.8,353,  2.3,    449.0,6710.,263.1, 39,  5.0,
    432.0,7016.,261.6,310,  1.5,    412.0,7379.,258.4,244,  5.6,    388.0,7816.,255.6,246,  8.8,    362.0,8345.,251.6,257,  6.4,
    332.0,8985.,246.8,274,  9.3,    298.0,9757.,241.4,278, 18.2                                                                 
   9999  12345       2016   1  3  6    0    2016   1  3  6    0   34      22                                                    
    604.0,4367.,274.9, 32,  1.9,    600.0,4419.,275.7,339,  2.9,    595.0,4483.,275.7,321,  3.8,    589.0,4563.,275.3,305,  4.1,
    582.0,4658.,274.8,289,  5.1,    574.0,4772.,274.4,280,  6.7,    565.0,4904.,273.8,276,  7.9,    554.0,5054.,273.1,273,  8.0,
    543.0,5221.,272.2,271,  6.9,    531.0,5400.,271.2,272,  5.1,    518.0,5590.,270.3,274,  3.6,    506.0,5788.,269.2,276,  4.1,
    493.0,5994.,268.0,282,  4.9,    479.0,6210.,266.7,294,  3.7,    465.0,6445.,264.7,347,  2.6,    449.0,6708.,263.0, 42,  5.6,
    432.0,7014.,261.4,350,  1.4,    412.0,7377.,258.5,242,  5.1,    389.0,7814.,255.7,249,  8.6,    362.0,8343.,251.7,259,  6.7,
    332.0,8982.,246.7,270,  9.0,    298.0,9754.,241.4,277, 18.0                                                                 
   9999  12345       2016   1  3  7    0    2016   1  3  7    0   34      22                                                    
    604.0,4367.,274.7, 42,  1.4,    600.0,4419.,275.3,332,  2.6,    595.0,4483.,275.4,314,  3.4,    589.0,4562.,275.2,299,  4.2,
    582.0,4658.,274.8,286,  5.4,    574.0,4772.,274.4,280,  6.9,    565.0,4904.,273.8,277,  7.9,    554.0,5054.,273.1,274,  7.7,
    543.0,5220.,272.2,273,  6.3,    531.0,5400.,271.2,275,  4.2,    518.0,5589.,270.2,275,  3.2,    506.0,5787.,269.1,278,  3.5,
    493.0,5993.,268.0,284,  3.8,    479.0,6210.,266.7,306,  2.5,    465.0,6444.,264.6, 13,  2.7,    449.0,6708.,262.9, 39,  5.9,
    432.0,7013.,261.2, 37,  1.4,    412.0,7376.,258.3,245,  4.2,    389.0,7813.,255.6,249,  9.1,    362.0,8342.,251.8,258,  7.9,
    332.0,8982.,247.0,271,  9.8,    298.0,9754.,241.6,276, 17.7                                                                 
   9999  12345       2016   1  3  8    0    2016   1  3  8    0   34      22                                                    
    604.0,4367.,274.6, 14,  1.2,    600.0,4419.,275.4,320,  2.9,    595.0,4483.,275.3,306,  3.7,    589.0,4562.,275.1,294,  4.7,
    582.0,4658.,274.8,285,  5.6,    574.0,4771.,274.3,281,  6.4,    565.0,4904.,273.6,278,  7.2,    554.0,5054.,272.8,275,  7.2,
    543.0,5220.,271.9,276,  6.2,    531.0,5399.,271.1,283,  4.5,    518.0,5589.,270.3,285,  3.6,    506.0,5787.,269.2,283,  4.0,
    493.0,5993.,268.1,289,  3.7,    479.0,6209.,266.8,340,  2.4,    465.0,6444.,264.6, 24,  3.8,    449.0,6708.,262.8, 40,  5.8,
    432.0,7014.,261.0,347,  1.1,    412.0,7377.,258.6,250,  6.9,    389.0,7814.,255.7,250,  9.2,    362.0,8343.,251.8,255,  7.9,
    332.0,8984.,247.1,267,  9.4,    298.0,9757.,241.7,274, 16.0                                                                 
   9999  12345       2016   1  3  9    0    2016   1  3  9    0   34      22                                                    
    604.0,4367.,274.4,  6,  1.0,    600.0,4419.,275.5,316,  3.0,    595.0,4483.,275.2,304,  4.3,    589.0,4562.,274.9,294,  5.8,
    582.0,4658.,274.6,287,  6.7,    574.0,4771.,274.1,283,  6.8,    565.0,4903.,273.5,279,  6.8,    554.0,5054.,272.7,277,  6.7,
    543.0,5220.,271.8,280,  5.9,    531.0,5399.,271.0,290,  5.1,    518.0,5589.,270.3,287,  5.7,    506.0,5787.,269.3,283,  5.9,
    493.0,5993.,268.1,292,  4.5,    479.0,6209.,266.6,351,  3.5,    465.0,6444.,264.6, 26,  5.3,    449.0,6708.,263.1, 35,  4.6,
    432.0,7014.,261.1,277,  2.4,    412.0,7377.,258.8,250,  8.4,    389.0,7815.,255.9,249, 10.0,    362.0,8344.,251.9,252,  8.9,
    332.0,8985.,247.2,262,  9.0,    298.0,9758.,241.7,273, 14.4                                                                 
   9999  12345       2016   1  3 10    0    2016   1  3 10    0   34      22                                                    
    604.0,4367.,274.2, 24,  1.0,    600.0,4419.,275.1,328,  2.6,    595.0,4483.,275.2,308,  4.2,    589.0,4562.,274.8,297,  6.1,
    583.0,4657.,274.4,288,  7.9,    574.0,4771.,274.0,284,  8.6,    565.0,4903.,273.4,281,  8.4,    555.0,5053.,272.7,279,  7.4,
    543.0,5219.,271.8,279,  6.2,    531.0,5399.,270.8,287,  6.1,    518.0,5588.,270.1,292,  7.5,    506.0,5786.,269.5,296,  6.8,
    493.0,5993.,268.5,330,  3.3,    479.0,6209.,266.5,  1,  3.5,    465.0,6444.,264.5, 31,  4.8,    449.0,6708.,262.8, 29,  3.7,
    432.0,7014.,261.3,273,  3.7,    412.0,7378.,258.9,250,  8.6,    389.0,7815.,256.0,246, 11.1,    362.0,8345.,252.1,248, 11.0,
    332.0,8986.,247.2,259,  8.5,    298.0,9759.,241.5,270, 13.1                                                                 
   9999  12345       2016   1  3 11    0    2016   1  3 11    0   34      22                                                    
    604.0,4367.,274.0, 35,  1.6,    600.0,4419.,274.9,343,  2.5,    595.0,4483.,275.0,315,  3.4,    589.0,4562.,274.7,298,  5.1,
    583.0,4657.,274.2,290,  7.6,    574.0,4771.,273.8,285, 10.0,    565.0,4903.,273.3,282, 11.0,    555.0,5053.,272.5,280,  9.8,
    543.0,5219.,271.6,281,  8.2,    531.0,5398.,270.7,287,  8.0,    519.0,5588.,270.1,292,  8.5,    506.0,5786.,269.5,309,  6.1,
    493.0,5992.,267.9,349,  4.8,    479.0,6209.,266.2, 20,  5.2,    465.0,6444.,264.7, 35,  5.0,    449.0,6708.,263.1,  8,  2.5,
    432.0,7014.,261.5,266,  4.8,    412.0,7378.,259.1,245,  7.6,    389.0,7816.,256.1,242, 10.2,    362.0,8346.,252.2,246, 12.1,
    332.0,8987.,247.3,256,  9.2,    298.0,9760.,241.5,270, 12.1                                                                 
   9999  12345       2016   1  3 12    0    2016   1  3 12    0   34      22                                                    
    604.0,4367.,274.4, 36,  1.8,    600.0,4419.,274.8,  1,  2.8,    595.0,4483.,274.8,343,  3.4,    590.0,4562.,274.5,327,  3.8,
    583.0,4657.,274.1,310,  4.4,    574.0,4770.,273.7,296,  6.6,    565.0,4902.,273.2,290,  9.7,    555.0,5052.,272.5,287, 11.7,
    543.0,5219.,271.7,285, 11.9,    531.0,5398.,270.8,286, 11.4,    519.0,5588.,270.1,292,  9.4,    506.0,5786.,269.5,321,  5.3,
    493.0,5992.,267.7,353,  5.1,    479.0,6208.,266.0, 18,  5.7,    465.0,6443.,264.7, 26,  5.3,    449.0,6707.,263.3,344,  2.9,
    432.0,7014.,261.3,265,  5.1,    412.0,7377.,259.3,241,  7.8,    389.0,7816.,256.3,240,  9.6,    362.0,8346.,252.4,245, 11.6,
    332.0,8988.,247.4,253, 10.6,    298.0,9761.,241.5,268, 11.0                                                                 
   9999  12345       2016   1  3 13    0    2016   1  3 13    0   34      22                                                    
    604.0,4368.,276.8,357,  3.2,    600.0,4419.,276.2,355,  3.4,    595.0,4484.,275.5,351,  3.5,    590.0,4563.,274.8,339,  3.8,
    583.0,4658.,274.2,320,  4.6,    575.0,4771.,273.7,303,  6.1,    565.0,4903.,273.2,293,  8.3,    555.0,5053.,272.4,289, 10.9,
    543.0,5219.,271.4,288, 12.9,    531.0,5399.,270.9,290, 12.6,    519.0,5589.,270.6,302,  8.8,    506.0,5787.,269.3,332,  5.6,
    493.0,5993.,267.6,356,  4.7,    479.0,6209.,266.0, 25,  5.2,    465.0,6444.,264.8, 28,  5.0,    449.0,6709.,263.4,337,  3.4,
    432.0,7015.,261.3,273,  5.6,    412.0,7379.,259.4,242,  9.0,    389.0,7818.,256.4,238, 10.4,    362.0,8348.,252.4,241, 10.3,
    332.0,8990.,247.5,249, 11.5,    298.0,9764.,241.5,269, 10.2                                                                 
   9999  12345       2016   1  3 14    0    2016   1  3 14    0   34      22                                                    
    604.0,4368.,279.1,331,  4.5,    600.0,4420.,278.4,331,  4.8,    595.0,4485.,277.7,330,  5.0,    590.0,4564.,276.9,329,  5.2,
    583.0,4660.,275.9,327,  5.3,    575.0,4774.,274.8,326,  5.4,    565.0,4907.,273.6,316,  6.3,    555.0,5057.,272.4,302,  8.1,
    543.0,5223.,271.6,294, 10.1,    531.0,5402.,271.1,297,  9.5,    519.0,5592.,270.5,327,  5.8,    506.0,5790.,268.8,355,  5.1,
    493.0,5996.,266.9, 18,  5.5,    479.0,6212.,265.6, 38,  7.4,    465.0,6447.,264.7, 33,  7.0,    449.0,6711.,263.3,357,  4.6,
    432.0,7018.,261.2,290,  5.0,    412.0,7382.,259.2,246,  9.3,    389.0,7820.,256.4,239, 11.3,    362.0,8351.,252.4,238, 10.7,
    332.0,8993.,247.6,246, 10.1,    298.0,9766.,241.6,270,  9.9                                                                 
   9999  12345       2016   1  3 15    0    2016   1  3 15    0   34      22                                                    
    604.0,4368.,280.6,345,  4.8,    600.0,4420.,279.8,343,  5.1,    595.0,4486.,279.1,341,  5.2,    590.0,4565.,278.3,339,  5.3,
    583.0,4662.,277.3,335,  5.4,    575.0,4776.,276.1,332,  5.4,    565.0,4909.,274.9,327,  5.6,    555.0,5060.,273.5,314,  6.4,
    543.0,5227.,272.1,302,  8.0,    531.0,5407.,271.1,298,  8.3,    519.0,5596.,270.4,321,  5.1,    506.0,5794.,268.6,342,  4.5,
    493.0,6000.,266.6,  3,  4.5,    479.0,6216.,265.3, 30,  6.5,    465.0,6451.,264.2, 22,  6.3,    449.0,6715.,262.9,359,  4.2,
    432.0,7021.,261.4,271,  5.0,    412.0,7385.,259.3,242,  9.4,    389.0,7823.,256.5,236, 11.4,    362.0,8354.,252.5,236, 10.6,
    332.0,8996.,247.5,246,  9.2,    298.0,9769.,241.4,272,  9.6                                                                 
   9999  12345       2016   1  3 16    0    2016   1  3 16    0   34      22                                                    
    604.0,4368.,281.6,353,  6.0,    600.0,4421.,280.9,352,  6.4,    595.0,4486.,280.1,350,  6.5,    590.0,4566.,279.3,348,  6.5,
    583.0,4663.,278.3,344,  6.4,    574.0,4778.,277.2,338,  6.2,    565.0,4912.,276.0,321,  6.2,    555.0,5063.,274.7,305,  6.8,
    543.0,5230.,273.3,296,  7.1,    531.0,5411.,272.0,294,  6.4,    519.0,5601.,270.7,309,  4.5,    506.0,5799.,268.9,329,  3.8,
    493.0,6005.,266.9,332,  3.7,    479.0,6221.,265.3,  7,  4.2,    465.0,6455.,264.1,  6,  4.5,    449.0,6719.,262.9,339,  4.3,
    432.0,7025.,261.4,273,  5.1,    412.0,7388.,259.1,240,  8.9,    389.0,7827.,256.3,237, 11.0,    362.0,8357.,252.4,238, 10.1,
    332.0,8999.,247.3,246,  9.5,    298.0,9771.,241.4,272,  9.8                                                                 
   9999  12345       2016   1  3 17    0    2016   1  3 17    0   34      22                                                    
    604.0,4368.,282.3,359,  7.4,    600.0,4421.,281.5,358,  7.8,    595.0,4486.,280.8,357,  7.9,    589.0,4567.,280.0,356,  7.8,
    582.0,4664.,279.0,353,  7.5,    574.0,4779.,277.9,345,  6.9,    565.0,4913.,276.8,328,  6.5,    554.0,5065.,275.4,312,  6.6,
    543.0,5233.,274.0,298,  6.8,    531.0,5413.,272.5,290,  6.6,    518.0,5604.,271.1,290,  5.2,    506.0,5802.,269.6,309,  2.8,
    493.0,6008.,267.8,357,  2.4,    479.0,6224.,266.0,359,  3.4,    465.0,6459.,264.7,357,  3.9,    449.0,6722.,263.2,340,  3.8,
    432.0,7028.,260.8,285,  5.2,    412.0,7391.,258.6,260,  8.0,    389.0,7829.,255.9,239, 10.4,    362.0,8359.,252.3,243,  9.0,
    332.0,9001.,247.4,253,  8.7,    298.0,9773.,241.5,274, 10.6                                                                 
   9999  12345       2016   1  3 18    0    2016   1  3 18    0   34      22                                                    
    604.0,4368.,282.2, 13,  7.6,    600.0,4421.,281.5, 14,  8.1,    595.0,4486.,280.7, 14,  8.2,    589.0,4567.,279.8, 14,  8.1,
    582.0,4664.,278.9, 14,  8.0,    574.0,4779.,277.7, 13,  7.7,    565.0,4913.,276.5,  9,  6.8,    554.0,5065.,275.2,349,  5.3,
    543.0,5232.,273.8,316,  5.7,    531.0,5413.,272.7,295,  7.7,    518.0,5604.,271.5,290,  8.3,    506.0,5803.,270.1,290,  7.6,
    493.0,6009.,268.5,296,  6.2,    479.0,6226.,266.8,313,  4.6,    465.0,6460.,264.6,320,  4.1,    449.0,6723.,262.6,305,  4.1,
    432.0,7029.,260.8,266,  4.8,    412.0,7392.,258.8,241,  7.3,    389.0,7829.,255.9,233, 10.2,    362.0,8358.,252.5,233, 10.6,
    332.0,9000.,247.9,247,  9.6,    298.0,9774.,241.7,271, 11.1                                                                 
   9999  12345       2016   1  3 19    0    2016   1  3 19    0   34      22                                                    
    604.0,4368.,281.1, 12,  8.0,    600.0,4421.,280.4, 14,  8.5,    595.0,4486.,279.8, 16,  8.6,    589.0,4566.,279.0, 18,  8.5,
    582.0,4663.,278.0, 20,  8.3,    574.0,4778.,276.9, 23,  7.7,    565.0,4911.,275.7, 23,  6.5,    554.0,5062.,274.3, 16,  5.5,
    543.0,5229.,272.9,354,  4.8,    531.0,5409.,271.6,319,  5.6,    518.0,5599.,270.7,295,  8.2,    506.0,5797.,269.9,287,  9.6,
    493.0,6004.,269.0,278,  9.5,    479.0,6221.,267.6,266,  6.8,    465.0,6456.,265.6,268,  4.6,    449.0,6721.,263.7,260,  6.8,
    432.0,7028.,261.9,256,  9.3,    412.0,7392.,259.7,245, 10.7,    389.0,7831.,256.1,233, 11.8,    362.0,8360.,251.8,233, 11.6,
    332.0,9002.,247.5,257,  9.5,    298.0,9777.,242.1,286, 10.2                                                                 
   9999  12345       2016   1  3 20    0    2016   1  3 20    0   34      22                                                    
    604.0,4368.,279.3, 27,  4.7,    600.0,4420.,278.7, 25,  5.2,    595.0,4485.,278.0, 22,  5.6,    590.0,4565.,277.2, 20,  6.0,
    583.0,4661.,276.2, 18,  6.4,    575.0,4775.,275.1, 15,  6.8,    565.0,4908.,273.7, 14,  7.2,    555.0,5058.,273.0, 11,  7.9,
    543.0,5224.,271.8,  7,  7.7,    531.0,5404.,270.6,348,  7.7,    519.0,5593.,269.8,336,  7.4,    506.0,5791.,269.2,334,  6.2,
    493.0,5997.,268.4,330,  6.4,    479.0,6214.,267.4,319,  7.2,    465.0,6450.,265.9,306,  9.1,    449.0,6715.,264.2,303, 10.7,
    432.0,7023.,262.1,292, 10.2,    412.0,7388.,259.2,248, 10.4,    389.0,7827.,256.3,246,  7.9,    362.0,8359.,252.4,239,  7.6,
    332.0,9002.,248.3,254,  6.6,    298.0,9778.,242.1,270,  9.1                                                                 
   9999  12345       2016   1  3 21    0    2016   1  3 21    0   34      22                                                    
    604.0,4368.,278.2,340,  8.6,    600.0,4420.,277.6,341,  9.2,    595.0,4485.,276.9,342,  9.5,    589.0,4564.,276.1,344,  9.5,
    583.0,4660.,275.6,354,  8.8,    574.0,4774.,275.2,  2,  7.4,    565.0,4906.,274.7,  8,  5.5,    555.0,5057.,274.1, 19,  3.8,
    543.0,5224.,273.1, 32,  3.1,    531.0,5404.,271.6, 26,  2.7,    519.0,5594.,270.2,356,  2.6,    506.0,5791.,268.7,319,  4.2,
    493.0,5997.,267.9,312,  6.4,    479.0,6214.,266.7,296,  9.2,    465.0,6449.,265.3,291, 11.1,    449.0,6714.,263.6,299, 10.9,
    432.0,7021.,261.7,294,  8.0,    412.0,7386.,259.4,262,  6.4,    389.0,7825.,256.1,238,  9.9,    362.0,8356.,252.7,236,  8.8,
    332.0,9000.,248.3,237,  8.1,    298.0,9775.,242.1,256,  6.9                                                                 
   9999  12345       2016   1  3 22    0    2016   1  3 22    0   34      22                                                    
    604.0,4368.,277.9, 16,  7.0,    600.0,4420.,277.4, 16,  7.6,    595.0,4484.,276.7, 16,  7.8,    589.0,4564.,276.5, 15,  7.5,
    582.0,4660.,276.4,  9,  6.5,    574.0,4774.,275.9,  1,  5.9,    565.0,4907.,275.1,350,  5.4,    554.0,5058.,274.2,337,  4.5,
    543.0,5225.,273.0,316,  4.5,    531.0,5405.,271.6,302,  6.5,    518.0,5595.,270.0,295,  8.7,    506.0,5792.,268.7,291,  9.5,
    493.0,5998.,267.4,291,  8.4,    479.0,6215.,266.1,298,  7.5,    465.0,6449.,264.8,306,  7.3,    449.0,6713.,263.3,305,  8.4,
    432.0,7020.,261.4,298,  7.6,    412.0,7384.,259.0,266,  7.6,    389.0,7823.,256.2,241, 10.1,    362.0,8354.,252.8,244,  9.6,
    332.0,8998.,248.6,248,  7.2,    298.0,9774.,242.6,261,  8.8                                                                 
   9999  12345       2016   1  3 23    0    2016   1  3 23    0   34      22                                                    
    604.0,4368.,277.4, 14,  6.8,    600.0,4420.,276.9, 14,  7.5,    595.0,4484.,276.5, 12,  8.6,    589.0,4564.,276.5,  7,  8.6,
    582.0,4660.,276.5,356,  7.8,    574.0,4774.,276.0,332,  7.0,    565.0,4907.,274.9,316,  7.4,    554.0,5058.,273.5,303,  8.1,
    543.0,5224.,272.2,289,  9.1,    531.0,5404.,271.0,280,  9.8,    518.0,5593.,269.8,279, 10.7,    506.0,5791.,268.7,283, 11.0,
    493.0,5997.,267.6,292,  9.1,    479.0,6213.,266.3,301,  7.8,    465.0,6448.,265.0,303,  8.9,    449.0,6712.,263.5,304,  8.6,
    432.0,7019.,261.8,290,  7.3,    412.0,7384.,259.8,245,  9.1,    389.0,7822.,256.1,230,  9.9,    362.0,8353.,252.5,244, 10.4,
    332.0,8996.,248.2,254,  6.5,    298.0,9771.,242.4,268,  8.6                                                                 
   9999  12345       2016   1  3 24    0    2016   1  3 24    0   34      22                                                    
    604.0,4368.,276.2, 11,  5.0,    600.0,4419.,275.8,  9,  6.2,    595.0,4484.,275.3,  3,  7.1,    589.0,4563.,275.9,349,  7.5,
    582.0,4659.,275.8,330,  7.9,    574.0,4773.,275.0,317,  8.2,    565.0,4905.,273.8,308,  7.8,    554.0,5055.,272.8,299,  7.1,
    543.0,5222.,272.3,290,  8.7,    531.0,5401.,271.5,287, 10.9,    518.0,5591.,270.4,290, 10.9,    505.0,5789.,269.3,296,  8.8,
    492.0,5995.,268.2,299,  7.4,    479.0,6212.,267.0,297,  7.4,    465.0,6447.,265.6,294,  7.1,    449.0,6711.,263.9,290,  6.7,
    432.0,7018.,262.0,271,  5.8,    412.0,7383.,259.3,240,  7.8,    389.0,7821.,255.7,238, 11.0,    362.0,8352.,252.8,247, 12.3,
    332.0,8995.,248.7,262,  7.3,    298.0,9771.,242.4,271,  7.8                                                                 
   9999  12345       2016   1  4  1    0    2016   1  4  1    0   34      22                                                    
    603.0,4368.,276.1, 23,  5.4,    600.0,4419.,276.1, 14,  7.5,    595.0,4484.,276.4, 11,  7.3,    589.0,4563.,276.8,353,  6.6,
    582.0,4659.,276.7,325,  7.1,    574.0,4774.,276.0,323,  8.2,    565.0,4906.,274.9,316,  8.9,    554.0,5057.,273.9,305,  9.4,
    543.0,5224.,272.9,299,  9.8,    531.0,5404.,271.8,297,  9.3,    518.0,5593.,270.6,298,  7.6,    505.0,5791.,269.6,298,  5.9,
    492.0,5998.,268.7,297,  4.9,    479.0,6215.,267.4,293,  4.6,    465.0,6450.,265.7,288,  5.4,    449.0,6714.,263.8,286,  6.2,
    432.0,7021.,261.7,281,  4.9,    412.0,7386.,259.4,256,  5.9,    388.0,7824.,256.1,241, 10.5,    362.0,8355.,252.4,248, 12.3,
    332.0,8997.,248.3,258,  7.8,    298.0,9773.,242.1,267,  7.8                                                                 
   9999  12345       2016   1  4  2    0    2016   1  4  2    0   34      22                                                    
    603.0,4368.,275.3, 41,  5.3,    600.0,4419.,275.6, 24,  7.0,    595.0,4484.,276.2, 15,  7.1,    589.0,4563.,276.7,356,  6.7,
    582.0,4659.,276.4,332,  7.2,    574.0,4773.,275.4,321,  8.0,    565.0,4906.,274.6,307,  9.3,    554.0,5056.,273.8,296, 10.7,
    543.0,5223.,272.9,292, 11.6,    531.0,5403.,271.9,292, 10.9,    518.0,5593.,270.6,295,  8.7,    505.0,5791.,269.3,297,  6.9,
    492.0,5997.,268.1,298,  6.5,    479.0,6214.,266.9,295,  6.8,    465.0,6449.,265.4,291,  8.6,    449.0,6713.,263.9,287,  8.3,
    432.0,7021.,262.1,275,  5.8,    412.0,7385.,259.7,248,  8.9,    388.0,7824.,255.9,248, 10.0,    362.0,8353.,252.1,244, 12.4,
    332.0,8995.,248.0,248, 11.7,    298.0,9770.,242.2,267,  8.4                                                                 
   9999  12345       2016   1  4  3    0    2016   1  4  3    0   34      22                                                    
    603.0,4367.,274.5, 43,  3.9,    600.0,4419.,275.2, 20,  5.8,    595.0,4483.,276.0,  3,  6.3,    589.0,4562.,276.0,339,  7.3,
    582.0,4658.,275.4,323,  8.4,    574.0,4772.,274.5,311,  9.3,    565.0,4904.,273.8,300, 10.3,    554.0,5055.,273.7,294, 11.2,
    543.0,5222.,273.2,291, 11.6,    531.0,5402.,272.2,290, 11.8,    518.0,5592.,271.0,291, 11.8,    505.0,5790.,269.7,294, 11.1,
    492.0,5996.,268.3,295,  9.9,    479.0,6213.,266.9,292,  9.6,    465.0,6449.,265.5,287,  9.9,    449.0,6713.,263.8,282,  8.8,
    432.0,7020.,261.8,274,  5.3,    412.0,7385.,259.1,254,  7.8,    388.0,7822.,255.2,248, 10.6,    362.0,8351.,252.6,240, 13.5,
    332.0,8994.,248.2,244, 12.7,    298.0,9769.,242.3,270,  9.0                                                                 
   9999  12345       2016   1  4  4    0    2016   1  4  4    0   34      22                                                    
    604.0,4367.,274.0, 37,  1.8,    600.0,4419.,274.6,  5,  4.1,    595.0,4483.,275.6,353,  5.9,    589.0,4562.,275.8,336,  6.8,
    582.0,4658.,275.2,323,  7.7,    574.0,4771.,274.4,311,  8.7,    565.0,4904.,274.1,300,  9.7,    554.0,5054.,273.9,293,  9.3,
    543.0,5221.,273.2,289,  9.0,    531.0,5401.,272.1,286,  9.3,    518.0,5592.,270.8,286,  9.9,    506.0,5790.,269.5,287, 10.3,
    493.0,5996.,268.1,288, 10.0,    479.0,6213.,266.8,287,  9.6,    465.0,6448.,265.3,283,  9.2,    449.0,6712.,263.6,278,  7.8,
    432.0,7019.,261.4,274,  5.1,    412.0,7383.,258.9,259,  5.4,    389.0,7821.,255.4,251, 10.0,    362.0,8351.,252.6,240, 13.7,
    332.0,8993.,248.3,244, 12.9,    298.0,9769.,242.3,268,  8.6                                                                 
   9999  12345       2016   1  4  5    0    2016   1  4  5    0   34      22                                                    
    604.0,4367.,273.7, 29,  1.2,    600.0,4419.,274.9,357,  3.7,    595.0,4483.,275.8,347,  4.9,    589.0,4562.,275.7,328,  5.5,
    582.0,4658.,275.0,313,  6.4,    574.0,4772.,274.5,301,  7.9,    565.0,4904.,274.1,293,  8.7,    554.0,5054.,273.5,288,  8.3,
    543.0,5221.,272.8,285,  7.6,    531.0,5401.,271.7,283,  7.4,    518.0,5591.,270.5,282,  8.2,    506.0,5789.,269.1,283,  9.5,
    493.0,5995.,267.8,285, 10.2,    479.0,6212.,266.6,287,  9.7,    465.0,6447.,265.3,287,  8.7,    449.0,6712.,263.5,287,  6.9,
    432.0,7019.,261.3,289,  4.2,    412.0,7383.,258.6,292,  3.2,    388.0,7821.,256.0,246, 10.0,    362.0,8351.,252.5,237, 14.3,
    332.0,8994.,248.2,242, 13.6,    298.0,9769.,242.2,265,  7.8                                                                 
   9999  12345       2016   1  4  6    0    2016   1  4  6    0   34      22                                                    
    604.0,4367.,273.5, 21,  1.2,    600.0,4419.,275.6,345,  3.3,    595.0,4483.,275.9,340,  4.0,    589.0,4562.,275.6,329,  4.4,
    582.0,4658.,275.1,314,  5.3,    574.0,4772.,274.6,303,  6.8,    565.0,4904.,274.1,296,  8.1,    554.0,5054.,273.5,291,  7.8,
    543.0,5221.,272.6,286,  6.6,    531.0,5401.,271.6,283,  6.5,    518.0,5591.,270.3,282,  8.2,    506.0,5789.,269.0,284, 10.1,
    493.0,5995.,267.9,286, 10.3,    479.0,6212.,266.7,287,  9.4,    465.0,6447.,265.4,287,  8.0,    449.0,6711.,263.7,292,  5.7,
    432.0,7018.,261.4,303,  3.4,    412.0,7382.,258.8,281,  4.0,    389.0,7820.,256.0,244, 10.1,    362.0,8351.,252.6,236, 13.9,
    332.0,8993.,248.1,241, 13.9,    298.0,9768.,242.2,261,  7.6                                                                 
   9999  12345       2016   1  4  7    0    2016   1  4  7    0   34      22                                                    
    604.0,4367.,273.7,  1,  0.7,    600.0,4419.,275.0,323,  2.5,    595.0,4483.,275.5,333,  3.0,    589.0,4562.,275.3,340,  3.4,
    582.0,4657.,275.1,340,  4.0,    574.0,4771.,274.7,331,  4.8,    565.0,4904.,274.1,316,  6.6,    554.0,5054.,273.3,302,  8.4,
    543.0,5220.,272.5,292,  9.3,    531.0,5400.,271.5,285,  9.4,    518.0,5590.,270.2,282,  9.9,    506.0,5788.,268.9,282, 10.8,
    493.0,5994.,267.7,284, 10.8,    479.0,6211.,266.6,285,  9.8,    465.0,6446.,265.4,286,  7.8,    449.0,6710.,263.8,293,  5.0,
    432.0,7017.,261.4,328,  2.9,    412.0,7382.,258.9,303,  3.8,    389.0,7820.,255.9,245, 10.4,    362.0,8350.,252.5,235, 14.9,
    332.0,8993.,248.4,240, 13.8,    298.0,9768.,242.2,265,  6.5                                                                 
   9999  12345       2016   1  4  8    0    2016   1  4  8    0   34      22                                                    
    604.0,4367.,273.9,284,  0.4,    600.0,4419.,274.6,333,  0.8,    595.0,4483.,274.8,358,  2.7,    589.0,4562.,275.4,356,  4.7,
    582.0,4657.,275.6,351,  5.4,    574.0,4771.,275.2,334,  6.0,    565.0,4904.,274.4,316,  7.6,    554.0,5054.,273.4,302,  8.9,
    543.0,5221.,272.5,292,  9.7,    531.0,5401.,271.4,286, 10.4,    518.0,5591.,270.1,284, 10.9,    506.0,5789.,268.9,284, 10.8,
    493.0,5994.,267.6,284, 10.2,    479.0,6211.,266.4,285,  9.3,    465.0,6446.,265.0,287,  7.6,    449.0,6711.,263.5,300,  5.1,
    432.0,7018.,261.8,309,  4.2,    412.0,7382.,259.0,256,  5.9,    389.0,7820.,255.9,239, 12.5,    362.0,8351.,252.8,235, 15.2,
    332.0,8994.,248.5,241, 13.3,    298.0,9769.,242.1,268,  6.2                                                                 
   9999  12345       2016   1  4  9    0    2016   1  4  9    0   34      22                                                    
    604.0,4367.,273.4,321,  0.5,    600.0,4419.,274.2,347,  1.7,    595.0,4483.,275.0,355,  3.8,    589.0,4562.,275.5,356,  4.9,
    583.0,4657.,275.5,350,  5.1,    574.0,4771.,275.0,333,  5.3,    565.0,4904.,274.2,315,  6.5,    555.0,5054.,273.2,302,  8.1,
    543.0,5220.,272.2,295,  9.3,    531.0,5400.,271.1,290, 10.0,    519.0,5590.,269.9,288, 10.2,    506.0,5788.,268.7,288,  9.8,
    493.0,5993.,267.5,288,  9.1,    479.0,6210.,266.3,289,  8.0,    465.0,6445.,265.1,297,  5.9,    449.0,6710.,263.8,322,  3.3,
    432.0,7017.,262.3,280,  3.9,    412.0,7382.,259.2,252,  7.4,    389.0,7820.,256.0,241, 12.3,    362.0,8351.,253.0,237, 14.8,
    332.0,8994.,248.4,242, 12.8,    298.0,9770.,242.1,273,  7.1                                                                 
   9999  12345       2016   1  4 10    0    2016   1  4 10    0   34      22                                                    
    604.0,4367.,274.2, 30,  1.5,    600.0,4419.,275.3,358,  2.8,    595.0,4483.,275.9,357,  3.8,    589.0,4562.,276.0,358,  4.1,
    583.0,4658.,275.6,353,  4.1,    574.0,4772.,274.8,336,  4.4,    565.0,4904.,274.0,317,  5.6,    555.0,5054.,272.9,304,  6.7,
    543.0,5220.,272.0,296,  7.3,    531.0,5400.,270.9,294,  7.7,    519.0,5590.,269.9,295,  7.3,    506.0,5787.,268.7,296,  6.8,
    493.0,5993.,267.4,298,  6.5,    479.0,6209.,266.1,299,  6.0,    465.0,6444.,264.9,306,  4.7,    449.0,6709.,263.6,315,  3.3,
    432.0,7016.,262.3,278,  3.8,    412.0,7381.,259.3,257,  7.9,    389.0,7819.,256.4,242, 12.3,    362.0,8351.,253.3,240, 14.4,
    332.0,8994.,248.5,248, 11.5,    298.0,9770.,242.2,278,  6.9                                                                 
   9999  12345       2016   1  4 11    0    2016   1  4 11    0   34      22                                                    
    604.0,4367.,274.9, 37,  1.8,    600.0,4419.,275.8,  7,  2.4,    595.0,4483.,276.2,360,  2.9,    589.0,4562.,276.0,343,  3.0,
    583.0,4658.,275.3,317,  3.9,    574.0,4772.,274.5,299,  5.7,    565.0,4904.,273.6,292,  7.9,    555.0,5054.,272.7,289,  9.8,
    543.0,5220.,271.8,290, 10.3,    531.0,5400.,270.8,292,  9.1,    519.0,5589.,269.8,298,  7.0,    506.0,5787.,268.7,306,  5.4,
    493.0,5993.,267.6,317,  4.5,    479.0,6210.,266.4,336,  4.0,    465.0,6445.,265.2,343,  4.2,    449.0,6710.,264.1,335,  3.3,
    432.0,7018.,262.4,272,  3.1,    412.0,7383.,259.6,257,  7.2,    389.0,7822.,256.8,242, 12.7,    362.0,8354.,253.3,241, 13.9,
    332.0,8998.,248.3,251, 10.8,    298.0,9773.,242.0,276,  7.2                                                                 
   9999  12345       2016   1  4 12    0    2016   1  4 12    0   34      22                                                    
    604.0,4367.,275.4, 39,  2.1,    600.0,4419.,276.0, 20,  2.7,    595.0,4483.,276.2,  8,  2.8,    589.0,4563.,275.5,345,  2.7,
    583.0,4658.,274.6,325,  3.1,    574.0,4772.,273.8,303,  4.4,    565.0,4904.,273.4,292,  6.4,    555.0,5054.,272.9,288,  8.0,
    543.0,5220.,272.1,290,  8.3,    531.0,5399.,271.3,295,  7.0,    519.0,5589.,270.3,307,  5.4,    506.0,5787.,269.2,318,  4.7,
    493.0,5994.,267.9,329,  4.4,    479.0,6211.,266.8,339,  5.1,    465.0,6446.,265.6,354,  5.2,    449.0,6711.,264.1,358,  3.9,
    432.0,7019.,262.5,275,  3.3,    412.0,7384.,259.6,253,  8.1,    388.0,7824.,256.9,244, 11.8,    362.0,8355.,253.1,246, 12.9,
    332.0,8999.,248.1,253,  9.7,    298.0,9774.,241.9,266,  6.7                                                                 
   9999  12345       2016   1  4 13    0    2016   1  4 13    0   34      22                                                    
    604.0,4368.,278.0,338,  1.8,    600.0,4420.,277.3,340,  2.0,    595.0,4484.,276.7,341,  2.1,    590.0,4563.,275.9,340,  2.2,
    583.0,4659.,275.0,327,  2.9,    574.0,4773.,274.3,310,  4.1,    565.0,4905.,273.9,299,  5.0,    555.0,5055.,273.3,299,  5.0,
    543.0,5222.,272.5,308,  4.6,    531.0,5401.,271.5,321,  4.3,    519.0,5591.,270.3,324,  4.5,    506.0,5789.,269.0,324,  5.1,
    493.0,5995.,267.6,329,  5.4,    479.0,6212.,266.5,343,  5.5,    465.0,6447.,265.2,359,  5.9,    449.0,6712.,264.0,357,  5.0,
    432.0,7020.,262.5,277,  3.6,    412.0,7385.,259.7,250,  8.3,    389.0,7825.,257.0,244, 11.9,    362.0,8357.,253.2,247, 11.9,
    332.0,9000.,248.2,256,  8.3,    298.0,9775.,242.0,269,  6.8                                                                 
   9999  12345       2016   1  4 14    0    2016   1  4 14    0   34      22                                                    
    604.0,4368.,279.7,300,  2.4,    600.0,4420.,279.0,302,  2.5,    595.0,4485.,278.2,305,  2.6,    590.0,4565.,277.4,308,  2.7,
    583.0,4661.,276.5,312,  2.8,    575.0,4775.,275.5,321,  3.4,    565.0,4908.,274.3,320,  3.7,    555.0,5058.,273.2,322,  3.0,
    543.0,5224.,272.7,353,  1.9,    531.0,5404.,271.6,  4,  1.6,    519.0,5594.,270.6,335,  2.5,    506.0,5793.,269.4,329,  4.0,
    493.0,5999.,267.9,333,  4.9,    479.0,6216.,266.3,348,  4.8,    465.0,6451.,264.8,  1,  5.3,    449.0,6715.,263.6,359,  5.0,
    432.0,7023.,262.5,285,  3.1,    412.0,7388.,259.5,250,  7.9,    389.0,7827.,256.9,245, 11.7,    362.0,8359.,253.2,249, 11.1,
    332.0,9003.,248.1,260,  7.5,    298.0,9777.,241.9,269,  6.8                                                                 
   9999  12345       2016   1  4 15    0    2016   1  4 15    0   34      22                                                    
    604.0,4368.,281.1,353,  3.5,    600.0,4421.,280.3,353,  3.7,    595.0,4486.,279.5,351,  3.6,    590.0,4566.,278.7,350,  3.6,
    583.0,4662.,277.7,347,  3.4,    575.0,4777.,276.6,344,  3.3,    565.0,4910.,275.3,333,  3.0,    555.0,5061.,274.0,317,  3.1,
    543.0,5228.,272.5,305,  2.4,    531.0,5408.,271.1,290,  0.2,    519.0,5599.,270.9,324,  1.5,    506.0,5797.,269.4,320,  3.3,
    493.0,6003.,267.7,322,  4.4,    479.0,6220.,266.1,333,  4.2,    465.0,6455.,264.6,  1,  4.5,    449.0,6719.,263.6,360,  4.5,
    432.0,7027.,262.6,270,  4.0,    412.0,7392.,259.6,252,  8.1,    389.0,7831.,256.9,247, 10.9,    362.0,8363.,253.1,252,  9.9,
    332.0,9006.,248.0,258,  7.0,    298.0,9781.,241.8,266,  6.8                                                                 
   9999  12345       2016   1  4 16    0    2016   1  4 16    0   34      22                                                    
    604.0,4368.,282.3,353,  4.4,    600.0,4421.,281.5,353,  4.6,    595.0,4486.,280.7,353,  4.6,    590.0,4567.,279.9,352,  4.4,
    583.0,4664.,278.9,352,  4.2,    574.0,4779.,277.7,350,  3.9,    565.0,4913.,276.5,346,  3.3,    555.0,5064.,275.1,333,  2.5,
    543.0,5232.,273.5,322,  2.4,    531.0,5412.,271.8,310,  2.5,    519.0,5602.,270.0,300,  3.3,    506.0,5801.,268.3,298,  5.1,
    493.0,6006.,267.2,304,  6.6,    479.0,6223.,266.4,325,  5.0,    465.0,6458.,265.1,355,  4.4,    449.0,6723.,264.2,  5,  3.8,
    432.0,7030.,262.5,268,  4.8,    412.0,7395.,259.6,254,  7.8,    389.0,7834.,256.7,253,  9.4,    362.0,8366.,252.8,254,  8.6,
    332.0,9008.,247.9,258,  6.9,    298.0,9782.,241.7,263,  7.0                                                                 
   9999  12345       2016   1  4 17    0    2016   1  4 17    0   34      22                                                    
    604.0,4368.,283.0,  9,  3.5,    600.0,4421.,282.2,  7,  3.8,    595.0,4487.,281.5,  4,  4.0,    589.0,4567.,280.6,  1,  4.2,
    583.0,4665.,279.6,358,  4.4,    574.0,4780.,278.5,354,  4.7,    565.0,4914.,277.2,346,  5.1,    555.0,5066.,275.8,334,  5.5,
    543.0,5234.,274.3,318,  5.5,    531.0,5415.,272.7,300,  5.3,    518.0,5606.,271.0,285,  4.8,    506.0,5805.,269.5,274,  3.9,
    493.0,6011.,268.4,272,  3.2,    479.0,6228.,267.0,291,  2.8,    465.0,6464.,265.6,360,  2.0,    449.0,6728.,264.1,  6,  2.6,
    432.0,7035.,262.0,270,  1.9,    412.0,7400.,259.2,256,  6.3,    389.0,7838.,256.3,251,  8.2,    362.0,8369.,252.5,251,  7.8,
    332.0,9011.,247.7,255,  6.7,    298.0,9784.,241.6,261,  7.3                                                                 
   9999  12345       2016   1  4 18    0    2016   1  4 18    0   34      22                                                    
    604.0,4368.,282.6,  5,  9.0,    600.0,4421.,281.8,  5,  9.6,    595.0,4487.,281.1,  6,  9.8,    589.0,4567.,280.2,  7,  9.7,
    582.0,4664.,279.2,  7,  9.6,    574.0,4780.,278.1,  8,  8.6,    565.0,4914.,277.1,  5,  6.7,    554.0,5066.,275.8,350,  5.4,
    543.0,5234.,274.4,326,  5.7,    531.0,5415.,273.0,304,  6.8,    518.0,5606.,271.5,291,  8.1,    506.0,5804.,270.0,285,  9.0,
    493.0,6011.,268.6,285,  7.8,    479.0,6228.,267.1,286,  5.3,    465.0,6464.,266.0,290,  3.7,    449.0,6728.,264.6,326,  2.6,
    432.0,7035.,262.2,277,  2.9,    412.0,7400.,259.2,248,  5.3,    389.0,7838.,256.1,250,  5.7,    362.0,8369.,252.4,257,  6.4,
    332.0,9012.,248.0,255,  7.4,    298.0,9787.,241.6,260,  7.5                                                                 
   9999  12345       2016   1  4 19    0    2016   1  4 19    0   34      22                                                    
    604.0,4368.,281.4,  9, 10.1,    600.0,4421.,280.7,  9, 10.9,    595.0,4486.,280.0, 10, 11.2,    589.0,4566.,279.2, 10, 11.4,
    582.0,4663.,278.3, 11, 11.4,    574.0,4778.,277.4, 17, 11.0,    565.0,4912.,276.6, 17,  9.8,    554.0,5064.,275.7,  5,  7.5,
    543.0,5231.,274.2,350,  6.5,    531.0,5412.,272.5,332,  6.4,    518.0,5602.,270.9,306,  8.2,    506.0,5800.,270.3,288, 10.6,
    493.0,6007.,269.5,284,  9.9,    479.0,6224.,268.2,295,  7.4,    465.0,6459.,266.6,318,  5.6,    450.0,6724.,264.2,324,  5.4,
    432.0,7030.,262.0,282,  3.4,    412.0,7395.,259.5,230,  6.5,    389.0,7833.,256.7,226,  7.7,    362.0,8365.,253.1,236,  6.7,
    332.0,9009.,248.2,270,  6.3,    298.0,9783.,241.6,280,  6.9                                                                 
   9999  12345       2016   1  4 20    0    2016   1  4 20    0   34      22                                                    
    604.0,4368.,280.5, 12,  9.0,    600.0,4420.,279.9, 13,  9.7,    595.0,4486.,279.2, 13, 10.0,    589.0,4566.,278.4, 14, 10.3,
    582.0,4662.,277.4, 15, 10.4,    574.0,4777.,276.5, 20, 10.5,    565.0,4910.,275.5, 24, 10.2,    555.0,5061.,274.4, 22,  9.7,
    543.0,5228.,273.3, 13,  9.5,    531.0,5408.,272.2,355,  8.8,    519.0,5598.,270.6,334,  8.2,    506.0,5796.,269.2,306,  8.6,
    493.0,6002.,268.2,289, 11.0,    479.0,6219.,267.5,285, 10.8,    465.0,6454.,266.4,290,  9.3,    450.0,6719.,264.3,304,  9.6,
    432.0,7026.,262.3,313,  8.1,    412.0,7391.,260.3,299,  5.4,    389.0,7831.,257.2,267,  5.1,    362.0,8363.,253.2,245,  5.9,
    332.0,9007.,248.4,237,  5.9,    298.0,9784.,242.6,248,  6.4                                                                 
   9999  12345       2016   1  4 21    0    2016   1  4 21    0   34      22                                                    
    604.0,4368.,280.2, 11,  9.6,    600.0,4420.,279.6, 12, 10.4,    595.0,4486.,278.9, 13, 10.8,    589.0,4566.,278.1, 14, 11.0,
    582.0,4662.,277.2, 16, 11.1,    574.0,4777.,276.2, 22, 11.0,    565.0,4910.,275.3, 24, 10.4,    554.0,5061.,274.3, 19,  9.8,
    543.0,5228.,273.0, 12,  8.9,    531.0,5407.,272.0,  7,  8.1,    518.0,5597.,270.9,352,  7.0,    506.0,5795.,269.5,326,  6.9,
    493.0,6001.,267.9,305,  9.1,    479.0,6218.,267.0,294, 11.3,    465.0,6453.,265.9,292, 11.6,    449.0,6718.,264.5,287, 11.6,
    432.0,7026.,262.4,280, 12.5,    412.0,7391.,259.3,279, 11.8,    389.0,7830.,256.4,280,  8.2,    362.0,8362.,253.5,250,  8.2,
    332.0,9007.,248.7,250,  7.9,    298.0,9784.,242.6,267,  8.0                                                                 
   9999  12345       2016   1  4 22    0    2016   1  4 22    0   34      22                                                    
    604.0,4368.,279.0,  7,  5.8,    600.0,4420.,278.4,  9,  6.3,    595.0,4485.,277.7, 10,  6.5,    590.0,4565.,277.0, 12,  6.6,
    583.0,4661.,276.3, 17,  6.7,    575.0,4775.,275.5, 17,  6.4,    565.0,4908.,274.5, 12,  6.2,    555.0,5059.,273.5,  5,  6.4,
    543.0,5225.,272.5,355,  6.6,    531.0,5405.,271.2,336,  6.5,    519.0,5595.,270.0,320,  6.3,    506.0,5793.,269.1,288,  6.8,
    493.0,5999.,267.9,265,  9.4,    479.0,6216.,266.8,263,  9.6,    465.0,6452.,265.6,269, 10.2,    450.0,6717.,264.2,284,  9.5,
    432.0,7025.,261.7,290,  9.0,    412.0,7390.,259.4,282,  8.3,    389.0,7830.,256.5,238,  8.3,    362.0,8362.,252.7,229, 10.1,
    332.0,9006.,248.6,249,  6.2,    298.0,9783.,242.4,251,  5.6                                                                 
   9999  12345       2016   1  4 23    0    2016   1  4 23    0   34      22                                                    
    604.0,4368.,278.3, 14,  5.3,    600.0,4420.,277.7, 15,  5.9,    595.0,4485.,277.1, 17,  6.3,    589.0,4564.,276.6, 18,  7.1,
    582.0,4660.,276.2, 14,  7.1,    574.0,4774.,275.8,  6,  6.7,    565.0,4907.,275.0,347,  5.7,    554.0,5058.,273.8,324,  5.2,
    543.0,5225.,272.7,306,  5.4,    531.0,5405.,271.6,290,  6.9,    518.0,5595.,270.5,284,  8.7,    506.0,5793.,269.6,282,  9.4,
    493.0,6000.,268.6,282,  8.2,    479.0,6217.,267.5,289,  6.8,    465.0,6453.,266.1,305,  6.4,    449.0,6718.,264.3,304,  7.2,
    432.0,7025.,262.3,292,  7.0,    412.0,7391.,259.6,272,  4.5,    389.0,7830.,256.3,229,  6.6,    362.0,8361.,252.4,241,  8.4,
    332.0,9005.,248.3,254,  5.4,    298.0,9780.,242.3,258,  6.2                                                                    
